0.4735533214448391
0.4695543713563506
0.46897360097219726
0.46891171600188386
0.4691969478927348
0.4700136659848966
0.46292082179911154
0.44898873305814907
0.4346365867483777
0.44812589913916234
0.4674462105710029
0.45860268921586084
0.3847564607944127
0.4449120925919645
0.3418003681282448
0.3666205993789007
0.4694040527436122
0.17703162379539628
0.10071803159514131
0.37412362267304095
0.34363801201356103
0.3136584140812691
0.42528887188638953
0.3562432512441524
0.39641485675778193
0.2953145089824229
0.09432190508127856
0.11865142309125057
0.08056868609193778
0.2388763976789542
0.30323400319453414
0.1936157170364824
0.11896949448631346
0.35443771378340677
0.4275143262272646
0.12519260960304618
0.43487623705479406
0.24324272360643015
0.12192747281924138
0.20686402126043574
0.2574477496124761
0.3241088945876759
0.3460639709166915
0.2881769201329483
0.07521739655114505
0.27462372532118057
0.08023606584015866
0.0994602735520426
0.2772729025059113
