1.4657098885718685e-16
5.72355204989889e-15
1.659254279948497e-14
1.0987017628487653e-9
9.973775183944151e-7
1.2152589369633673e-8
0.00013753639189520862
1.3041693574312597e-5
6.221894924385993e-5
2.0750640501606718e-5
0.00012060893330361847
7.615260023761126e-7
1.9929668956504294e-5
1.3593511041153544e-5
3.708137764446594e-5
3.816102695129612e-6
8.866993810431502e-6
1.5776578634726318e-5
4.451545520580552e-5
3.9138027044524034e-5
7.90931495922175e-6
3.6600113095498315e-6
1.160399347429329e-5
1.476155467349768e-5
6.78442098434714e-6
1.2949087586451844e-5
2.1445020644993658e-5
1.9397961020021443e-5
3.9512170114172454e-5
2.0094566213646818e-5
2.1970152862231517e-5
3.979472194829989e-5
8.052431464848487e-5
2.5976666375665836e-5
3.775379591579316e-5
4.1206188431131794e-5
6.025581014522917e-5
2.2934750327815184e-5
9.307817846848839e-5
7.348708573981601e-5
8.880233325812167e-5
3.775427329781807e-5
4.237668125689122e-5
0.0001352647613304733
0.0001940278727733951
3.488941416791009e-5
0.00011593947868456853
3.368120571061175e-5
8.816147044063679e-5
