0.2242527482514391
0.22048130765985757
0.2199362384088297
0.2198781974038314
0.22014577591185772
0.22091284621256194
0.2142956872551648
0.20159088241316186
0.18890896254028006
0.2008168214792827
0.2185059597771904
0.21031642655601945
0.14803753412304244
0.19794677013456083
0.1168274916526037
0.1344106638889444
0.22034016473212786
0.03134019582363472
0.010144121888399884
0.1399684850419999
0.1180870833006323
0.09838160072397686
0.18087062455039785
0.1269092540570043
0.15714473865829276
0.08721065921552953
0.008896621778161723
0.014078160201578949
0.006491313178581208
0.05706193336807387
0.09195086069338274
0.03748704588355122
0.01415374061832897
0.12562609295200816
0.18276849912955204
0.015673189499220728
0.18911734155493742
0.059167022587474166
0.014866308628086846
0.04279272329203801
0.06627934378052819
0.1050465755508452
0.11976027196662868
0.08304593729731169
0.005657656743932208
0.07541819050928324
0.0064378262615062765
0.009892346015047144
0.07688026246405258
