0.4730146480593594
0.46698102537546055
0.46467822182676183
0.46360755334886755
0.46645672657434967
0.153535207635404
0.16358103194349877
0.3968353634354297
0.34513913917165323
0.45980580153303313
0.46019422823996003
0.4607462883641759
0.46104083716076477
0.4614903440789717
0.461314159508826
0.46168036541349394
0.4611492342206078
0.4089454439286301
0.23134808175045926
0.06842621728686174
0.09012554200083119
0.28595428308960097
0.4201039164093786
0.4629287395254118
0.4575156955607035
0.462190286315632
0.46109896991845567
0.46074750920645063
0.4470787368080125
0.4130409648354911
0.4458637346444535
0.38177083094050335
0.11793146327592269
0.41514942377129
0.15272441445710502
0.41710140595580136
0.4528547080484864
0.4410431104584785
0.4459935773013828
0.46573393378198696
0.3992416884847168
0.4700118792932988
0.4473976661074143
0.4134898199227462
0.3176326110383826
0.3546165800895747
0.41889780697692264
0.3669182513842184
0.14064565041610982
