0.22374285727871962
0.21807127806071652
0.21592584984008126
0.2149319635221231
0.21758187776645763
0.023573059983646616
0.026758754011699963
0.15747830567292956
0.11912102538814981
0.21142137512343506
0.21177872770537243
0.21228714224136436
0.21255865352989883
0.2129733376781277
0.21281075376333453
0.2131487598083373
0.212658616222253
0.16723637610998435
0.053521934929617175
0.004682147212188817
0.008122613320943587
0.08176985201728766
0.17648730058249817
0.21430301787858658
0.20932061168439434
0.2136198607645259
0.21261226005986086
0.2122882672399483
0.19987939690584813
0.17060283863223336
0.19879446987109964
0.14574896735700238
0.013907830030400302
0.1723490440576341
0.023324746771265586
0.17397358285030623
0.20507738660167982
0.19451902528288967
0.1989102709940845
0.21690809707604422
0.15939392582412765
0.22091116667681845
0.2001646716383614
0.17097383117974507
0.10089047559506044
0.12575291887442575
0.17547537269007515
0.1346290031988525
0.019781198980970572
