8.387488974054572e-18
1.4302576015456125e-15
3.7068689880441255e-15
3.645443876914481e-15
2.115217264824518e-10
5.018558196677401e-8
6.96237647174793e-7
0.00026119915539804257
0.0005898957018388188
9.39011233181559e-7
1.991038744923033e-7
2.9656389564829127e-8
1.4190028154484249e-8
5.5845530161880675e-9
1.9363603155345486e-7
2.7953220897359553e-7
8.42668714221866e-6
7.378768671970962e-7
6.19628189138443e-7
7.30238664391805e-6
5.93599755842508e-7
5.807133607743953e-7
1.2060162608855375e-5
6.458519695556213e-7
1.8396437658978665e-6
7.190470926492196e-6
1.847319138069796e-7
1.3811679392050519e-5
1.580171349388699e-6
1.843962871676098e-5
3.774543797265848e-5
5.002631929308898e-5
3.1006036069301186e-5
8.929017227725704e-7
3.854804201790586e-6
1.5636390950300833e-5
6.038855292594612e-6
2.63898925522186e-5
3.9584924992947606e-7
3.3488382119562855e-5
3.4645512451971344e-5
1.586547361283777e-5
2.3486771832368616e-5
1.1794673842505531e-5
3.892078707185782e-5
9.500331163404078e-6
6.153646447414551e-6
3.639549101759755e-6
6.384748582542164e-6
