0.22523164724805564
0.21692619753287537
0.22223672770796815
0.2187052349170133
0.22192555137002992
0.21912866762565494
0.2219252077560288
0.21923324458391374
0.22194012428750484
0.21925744944545467
0.22194844812295092
0.2192624675654995
0.22194671744749608
0.21925080584533985
0.22192645208819592
0.21927222881110287
0.2219577907547933
0.21932349321442665
0.22192391896939978
0.21935040418526186
0.22195561467442332
0.21927695073655773
0.22189109848858546
0.2193751383950602
0.2219526040634462
0.21928919102658354
0.22195693679470138
