2.3056899959037027e-16
3.3542058019975746e-11
1.790180836524724e-15
5.176303854646738e-12
5.3350251519776825e-15
2.0657928700985874e-9
1.5997556392304737e-14
6.011193167898637e-12
6.123121480910112e-14
3.445990162293532e-10
3.648647430796431e-12
1.1587353299092543e-8
5.208278686000896e-12
4.570397038606133e-8
3.6826932622455384e-9
2.7377872413581325e-7
4.1623175661698084e-7
1.3027410261656967e-7
6.577018041299434e-8
4.009959297948836e-8
6.039403217528249e-7
1.7764108406481684e-6
7.286308800759839e-8
3.4394049350794486e-6
2.742188314641683e-6
1.3249794506009544e-6
1.7444008051370536e-6
