0.4745857638489124
0.46575336556258545
0.47141990593097377
0.46765931501148705
0.4710897487422433
0.46811181102985955
0.4710893840408939
0.46822349853880013
0.471105215729464
0.4682493453764294
0.47111405001650175
0.46825470373024497
0.47111221322259955
0.46824225123897123
0.47109070473550624
0.46826512662283837
0.47112396537938217
0.46831986207551207
0.47108801615982526
0.4683485925945138
0.47112165591747457
0.4682701685315409
0.47105318010664726
0.46837499761949314
0.4711184607542419
0.4682832380371772
0.4711230590776696
