1.4234548503722956e-16
1.2207622602042335e-15
3.211627438299317e-15
3.4373816230531106e-12
1.765472995339102e-11
2.046411087424951e-11
2.587953999636448e-11
2.7525027822975365e-11
3.2795989968980434e-11
3.669457253179515e-11
4.237129996980958e-11
4.4636752824065056e-11
4.659028488287573e-11
4.805645734937601e-11
4.952168980988656e-11
5.0803595486618266e-11
5.216437763329129e-11
5.304834011832728e-11
5.378674247172704e-11
5.464979390097255e-11
5.550689877880292e-11
5.530766855794477e-11
5.653462506580961e-11
5.165979202475479e-11
5.6345818470340616e-11
5.35528379939646e-11
5.840339354121298e-11
5.862831536174516e-11
5.882572173591285e-11
5.865690815370963e-11
5.900392361334743e-11
5.926081704854743e-11
5.968334716625877e-11
6.015871427977903e-11
6.044902547221437e-11
5.6698365612548435e-11
6.149203445787254e-11
6.166964267875446e-11
8.262369614527583e-11
6.192338530537545e-11
5.577040413631463e-11
5.524150110338751e-11
5.2268197258806626e-11
6.785540482492384e-11
5.845814785518477e-11
5.429083358759042e-11
1.643504903924339e-10
2.365474351012658e-10
9.490691212284135e-11
