0.47983015570487786
0.47927612128100944
0.4793212742021141
0.4793321914287534
0.4793338361557066
0.4793340572566133
0.47933408613727013
0.4793340891075279
0.4793340894374327
0.47933409153430473
0.47933408997546145
0.47933408958415047
0.4793340901356654
0.47933408827203117
0.4793340894036695
0.4793340932500475
0.47933409166825075
0.47933408689902535
0.4793340963458955
0.4793340906768152
0.4793340016535286
0.4793340902026313
0.4793340896938463
0.47933410396464127
0.47933408764309726
0.4793340883600613
0.47933409967631185
0.4793340928868622
0.4793340969342481
0.47933408845544373
0.47933409101023156
0.4793340895009351
0.4793340902199185
0.4793340822383939
0.47933409323847087
0.47933409434507107
0.4793340908360995
0.47933407366790043
0.479334082020963
0.47933407432650477
0.47933408888680207
0.4793340903875983
0.4793340847014798
0.4793340975235046
0.47933408996853316
0.4793340962184442
0.4793340869085664
0.47933412082801097
0.47933409367820334
