0.23023697832376733
0.22970560043016885
0.22974888390273826
0.22975934973989107
0.2297609264837458
0.22976113844608628
0.22976116613305192
0.2297611689805435
0.22976116929681273
0.2297611713070172
0.22976116981260378
0.2297611694374664
0.22976116996618623
0.22976116817957937
0.229761169264445
0.22976117295184526
0.22976117143542701
0.2297611668633224
0.22976117591973624
0.2297611704849693
0.22976108514118493
0.2297611700303843
0.22976116954262826
0.22976118322358555
0.22976116757664045
0.22976116826397108
0.2297611791125005
0.22976117260367104
0.22976117648377115
0.22976116835541113
0.22976117080460493
0.22976116935769045
0.229761170046957
0.22976116239532338
0.2297611729407471
0.22976117400160948
0.22976117063767013
0.2297611541790642
0.2297611621868793
0.2297611548104472
0.22976116876894065
0.22976117020770626
0.22976116475660543
0.2297611770486726
0.22976116980596184
0.22976117579755273
0.22976116687246909
0.22976119938996223
0.22976117336230462
