0.2306733352623585
0.22934845620908073
0.22922662722998488
0.22921343399144706
0.22921187996112258
0.22921168790525853
0.22921166342141508
0.22921166023128806
0.22921165980889802
0.22921165975224903
0.22921165974455318
0.2292116597434842
0.2292116597432785
0.22921165974235636
0.2292116597427494
0.2292116597428661
0.2292116597428723
0.22921165974287622
0.22921165974288155
0.22921165974288016
0.22921165974287644
0.22921165974288324
0.2292116597428824
0.22921165974288416
0.2292116597428804
0.22921165974288796
0.22921165974288643
0.22921165974287772
0.22921165974288293
0.22921165974288474
0.22921165974288676
0.2292116597428793
0.22921165974286228
0.22921165974288343
0.22921165974288416
0.229211659742883
0.22921165974288144
0.22921165974288432
0.22921165974288193
0.22921165974288454
0.22921165974288066
0.22921165974286328
0.22921165974248833
0.2292116597428565
0.2292116597427204
0.22921165974195268
0.22921165974177943
0.22921165974221602
0.2292116597419263
