5.533738140448224e-16
6.805819246280668e-16
3.5324916014149664e-15
2.594950839327983e-12
1.0361819344819203e-11
1.5776101022918112e-11
2.225074455526465e-11
2.531307831344367e-11
2.8368329153000796e-11
3.12555665475807e-11
3.3668278982792104e-11
3.575209046128834e-11
3.7487694679956847e-11
3.902695696131202e-11
4.0103454253070706e-11
4.11923501646209e-11
4.213998615056944e-11
4.2885260935683836e-11
4.369517714283553e-11
4.4186415451289486e-11
4.479489935973979e-11
4.529290290644592e-11
4.573679902832907e-11
4.636402813908501e-11
4.6504485838827534e-11
4.68437429769347e-11
4.728238599010901e-11
4.7391872754744515e-11
4.79744409344892e-11
4.853930574359254e-11
4.832352920161072e-11
4.8661788794712767e-11
4.884841563494357e-11
4.910876973012518e-11
4.934504124780727e-11
4.9070210407195047e-11
4.9952059613735476e-11
5.0029436634138214e-11
4.993868564088011e-11
4.981247163220917e-11
5.008261691796401e-11
5.088053698486926e-11
4.9863623404200534e-11
5.0252091603094366e-11
5.090048278507072e-11
5.0519579141556303e-11
5.071958761090059e-11
5.029847745070645e-11
5.0625300019512943e-11
