0.4802846398359607
0.4789033892227959
0.47877617654806603
0.4787623982639479
0.47876077529505545
0.47876057471899097
0.4787605491489614
0.4787605458173094
0.47876054537618074
0.4787605453170186
0.4787605453089813
0.47876054530786494
0.4787605453076501
0.47876054530668705
0.47876054530709755
0.4787605453072194
0.4787605453072259
0.47876054530723
0.47876054530723555
0.4787605453072341
0.4787605453072302
0.47876054530723733
0.47876054530723644
0.47876054530723827
0.4787605453072344
0.47876054530724227
0.47876054530724066
0.47876054530723156
0.478760545307237
0.4787605453072389
0.478760545307241
0.4787605453072332
0.47876054530721546
0.47876054530723755
0.47876054530723827
0.47876054530723705
0.47876054530723544
0.47876054530723844
0.47876054530723594
0.47876054530723866
0.4787605453072346
0.47876054530721646
0.4787605453068249
0.4787605453072094
0.47876054530706724
0.4787605453062655
0.47876054530608453
0.4787605453065405
0.47876054530623796
