0.2229609781887549
0.22578744218938174
0.22536685404774268
0.22542950304179613
0.2254263964199788
0.22543097235233803
0.22543305495182098
0.22543457953487453
0.22543561803739837
0.22543637369820735
0.22543694972513934
0.22543737850434642
0.22543770700909127
0.22543797672932026
0.2254381927959262
0.2254384011270282
0.22543852504780018
0.22543867281599564
0.22543878041163212
0.22543883977048024
0.22543891806814495
0.22543900363916672
0.22543907173547978
0.22543910177332072
0.22543916743552805
0.22543918894054277
0.2254392367014343
0.22543926026884714
0.22543931388338365
0.2254393114354564
0.22543933315171463
0.2254393577647343
0.225439403843407
0.22543938488462537
0.22543942029266728
0.22543942324258917
0.2254394435313762
0.22543946601469833
0.22543947543981807
0.22543947703083841
0.2254395000374701
0.22543952018485672
0.22543951700846315
0.22543952930478425
0.22543953583227433
0.22543954217698808
0.2254395478141899
0.22543954121544005
0.22543955720896564
