0.4721874396770364
0.47517096101233053
0.4747281896493431
0.4747941691320526
0.4747908975748996
0.4747957164427013
0.47479790959082896
0.4747995150954501
0.4748006087163309
0.47480140448213437
0.47480201107950176
0.47480246261402903
0.474802808552236
0.4748030925860954
0.4748033201188953
0.4748035395055814
0.474803670002455
0.474803825612216
0.4748039389175622
0.4748040014263572
0.47480408387896683
0.47480417399088515
0.47480424570077273
0.47480427733258757
0.47480434647918723
0.47480436912537227
0.4748044194207066
0.47480444423872775
0.4748045006983228
0.4748044981204963
0.4748045209891273
0.474804546908235
0.4748045954320651
0.4748045754672393
0.47480461275420155
0.4748046158606603
0.4748046372260661
0.4748046609024582
0.47480467082771843
0.47480467250316566
0.4748046967306348
0.4748047179471332
0.4748047146021859
0.47480472755100517
0.47480473442487314
0.4748047411062658
0.47480474704260267
0.4748047400936937
0.4748047569359069
