9.18808377276952e-16
7.923230106529971e-15
2.4095078546397298e-14
4.296668915310879e-14
4.0904278138524016e-7
1.1904998270849728e-6
1.914870173213803e-6
2.697541314524765e-6
3.4890965237803303e-6
4.2942105270516394e-6
5.106516631667361e-6
5.9239541216699415e-6
6.746837220885924e-6
7.557552108025348e-6
8.363488722342053e-6
9.17052887094174e-6
9.977664544268167e-6
1.0784963674675356e-5
1.1592637146963096e-5
1.2400300956927319e-5
1.320700774331523e-5
1.4015368014241152e-5
1.4823473744664878e-5
1.5632123961448364e-5
1.6439672050970947e-5
1.7248447826214352e-5
1.8056897075217967e-5
1.8865278566225977e-5
1.967526578545012e-5
2.0483180007168297e-5
2.1292015166266553e-5
2.2101271451828352e-5
2.2909722144521695e-5
2.371866350437473e-5
2.4527478438350767e-5
2.533666350503035e-5
2.6145005890792633e-5
2.6954463809740133e-5
2.7763604964176574e-5
2.857234391690988e-5
2.9383169470001275e-5
3.019183657458733e-5
3.100100078044189e-5
3.18104822848937e-5
3.2619310821037766e-5
3.3427768977062945e-5
3.4236960702899946e-5
3.504628489581142e-5
3.585602688559669e-5
