1.1130047346940952e-15
5.914803431794002e-16
2.0900080720185726e-14
5.097361014342124e-14
4.820333419299048e-7
1.0129638054490695e-6
1.5456827015668754e-6
2.0743383720956445e-6
2.8061491438791196e-6
3.200942712476132e-6
3.834876439262819e-6
4.344870626594656e-6
4.855060759797639e-6
5.493605283376346e-6
6.002156282956268e-6
6.640848835696561e-6
6.8909534988846694e-6
7.401403484630488e-6
7.909688986078378e-6
8.417411023071038e-6
8.924611183068715e-6
9.436212280890448e-6
9.94059090211038e-6
1.0449147764099983e-5
1.0957699916138468e-5
1.1467268656109426e-5
1.1972444749665371e-5
1.248178574347579e-5
1.2991810001951238e-5
1.349630932765531e-5
1.4007641900818852e-5
1.4514187603842443e-5
1.5022307192527952e-5
1.5527681106771686e-5
1.603339323092254e-5
1.654275317777671e-5
1.7051722158026402e-5
1.756007675577148e-5
1.8063656789426478e-5
1.8571599484156475e-5
1.9081563170994372e-5
1.9588055598721468e-5
2.009390555599359e-5
2.060212647755789e-5
2.1112852078263392e-5
2.1614343107103164e-5
2.212509678791071e-5
2.263137568937988e-5
2.3138574074501763e-5
