0.21563822798877952
0.2208295416589894
0.2202128355272432
0.22044358847855786
0.22045937454656958
0.22048859605386972
0.22050265051028684
0.22051270369537612
0.2205195100397495
0.2205244273002756
0.22052809355653
0.22053089525099728
0.2205330733740709
0.22053481956212942
0.22053622037143378
0.22053737705104565
0.22053834249810023
0.22053915779610317
0.22053983345092815
0.22054041110460287
0.22054092057382946
0.22054135885012122
0.22054174027139128
0.22054208265723685
0.22054236900770563
0.22054263182557193
0.22054286542644908
0.22054307574440504
0.22054326557558268
0.22054344014205077
0.2205435903595675
0.22054373680448563
0.22054387041348505
0.22054397747744117
0.2205440880964116
0.22054419447888693
0.22054427437352844
0.22054436429648344
0.22054443960416692
0.22054451120768742
0.22054456827526323
0.22054463490943307
0.22054469480103517
0.22054475015808123
0.22054480357579787
0.2205448374233166
0.2205448892012231
0.2205449249555741
0.22054497500731687
