0.46436863372624504
0.4699250383401478
0.46926840456954183
0.4695142047676064
0.46953101553206217
0.46956213226139704
0.469577097514654
0.46958780190223864
0.46959504899407695
0.46960028460412545
0.4696041881803547
0.4696071712090833
0.46960949029387267
0.46961134948181293
0.46961284093541755
0.46961407245848763
0.4696151003727417
0.4696159684211166
0.46961668779008287
0.4696173028164559
0.469617845246355
0.46961831187691266
0.4696187179738381
0.4696190825096834
0.4696193873848328
0.46961966720482645
0.4696199159175951
0.4696201398411327
0.46962034195249963
0.46962052781160535
0.4696206877465765
0.4696208436648502
0.46962098591681894
0.4696210999065536
0.46962121768124104
0.4696213309453553
0.4696214160081804
0.469621511748007
0.46962159192712477
0.46962166816245543
0.46962172892154724
0.46962179986605507
0.46962186363183217
0.46962192256972124
0.46962197944282574
0.46962201547980753
0.4696220706070181
0.46962210867417015
0.46962216196354795
