0.47670233523562794
0.47555668745829305
0.47565204665552663
0.475689761862772
0.4756985711690237
0.47570257963803014
0.4757000917515944
0.47585956967038584
0.4756807495917084
0.4757080775783707
0.4757080687837566
0.47569757959977566
0.47568999612818885
0.47570192745851864
0.4757037346753272
0.475705168566024
0.4756954266294479
0.4757250430116433
0.4757088214019468
0.4757076625112086
0.47570407414323834
0.47570595757737705
0.47570233879640333
0.4755416469007299
0.47570741992231613
0.475726927659143
0.4757778945494121
0.4757023819797982
0.4756968844897782
0.47574365118838907
0.47570336383475215
0.4757275944703192
0.4756932634014254
0.47582515477031706
0.4755281311452712
0.4756808600504201
0.4756832722805564
0.47568542322259816
0.4758281715549908
0.4755768784358493
0.47564521530088666
0.4757090522929903
0.47567340400976554
0.4756398311120535
0.4756190675134924
0.47566929406852715
0.47572751019971077
0.47549097563432724
0.47535156086647207
