0.227245116419101
0.22615416298630464
0.2262448694875913
0.22628074954106076
0.22628913061225073
0.2262929442742764
0.22629057729247531
0.22644233004688477
0.22627217553212958
0.22629817507330915
0.2262981667059713
0.22628818723708488
0.2262809724164363
0.22629232378774972
0.22629404318405405
0.2262954074004293
0.22628613891617247
0.22631431654842987
0.2262988827596293
0.22629778017187796
0.22629436615647558
0.22629615807460923
0.22629271513636812
0.2261398579370585
0.2262975493691468
0.22631610970000748
0.2263646049418715
0.22629275622125383
0.2262875259132814
0.22633202164605962
0.2262936903636986
0.22631674414051647
0.22628408084549792
0.2264095779121962
0.22612700351051424
0.22627228061830734
0.22627457552753796
0.22627662186646233
0.22641244884536574
0.2261733673027866
0.2262383708386268
0.226299102433495
0.22626518728223763
0.22623324894030278
0.22621349738240407
0.22626127731965096
0.22631666396081593
0.22609166790968438
0.22595910641819128
