1.872130204635661e-17
1.1980437951224799e-15
6.584026041910656e-15
1.820415639850068e-11
1.2199476718170789e-11
1.998586344118055e-10
9.662949393050833e-9
7.110101484637576e-9
6.382938359361419e-9
2.246203102235068e-9
8.81586488383317e-10
9.863331572170648e-10
1.8578068766941776e-9
2.265395160488295e-7
1.550857459824185e-9
6.575746689914975e-10
2.5291881678489307e-8
2.3402092094779347e-8
4.0195140170371574e-8
3.5898675170931263e-9
3.088044272456145e-9
3.040615299933185e-9
2.527709763641958e-8
8.951206685955789e-8
5.591200506101693e-10
8.237343625514364e-10
4.946037726100361e-9
3.1842567732408254e-8
2.0636597217996534e-8
2.5059996246689438e-8
3.3426974488558496e-8
1.0463062474762544e-7
9.895495758576948e-9
1.0947005889825165e-7
1.565184834660953e-7
1.8720053142859918e-7
3.7715870915259494e-7
9.959731414766537e-8
4.693081764275406e-8
3.623450036738967e-7
5.884215593516841e-8
2.0107090881045788e-7
4.678761030259734e-7
3.304277042181496e-7
6.449886528901715e-7
3.1407261570957593e-7
4.0361750585671375e-7
6.678238309363757e-7
1.0398666757201232e-6
