0.22756010668159476
0.22576545347655852
0.22565116099344912
0.22565111543362656
0.22565353392003118
0.2256543221207291
0.22565452256653523
0.22565457031371294
0.225654580612417
0.22565458271017702
0.2256545832818039
0.22565458355278442
0.22565458562328122
0.22565458456180593
0.22565458553976225
0.22565458356542906
0.22565458123193802
0.2256545840267264
0.2256545823011395
0.2256545827963021
0.22565458439452477
0.22565458351786713
0.2256545827819643
0.2256545846885275
0.2256545830853063
0.22565458230885238
0.22565458317186332
0.22565458309816785
0.22565454537937904
0.2256545822042178
0.22565458317223175
0.22565457929772917
0.22565457099550712
0.2256545827393107
0.2256545727476996
0.22565458175279515
0.2256545824397474
0.22565458103707503
0.22565458910137987
0.22565458334684765
0.22565458852399478
0.22565458336854904
0.225654585775606
0.22565458428843105
0.22565457842307513
0.22565458984954342
0.22565458335948319
0.22565458250229042
0.22565458209502975
