0.0
2.096599122452959e-15
1.2039934405694878e-15
1.163117559547029e-12
1.0895184658561956e-11
2.456864714045593e-11
2.1567740541256257e-11
3.528796963874645e-11
3.8325647540807356e-11
3.716875438805759e-11
3.752129694721762e-11
3.674847672841414e-11
3.55431961109761e-11
3.469210957167304e-11
3.421255737285607e-11
3.369317200764755e-11
3.312984900766321e-11
3.282041217839179e-11
3.237494066432963e-11
3.2224604102705e-11
3.185835011274627e-11
3.1463956028868025e-11
3.133087024069423e-11
2.9760972513546464e-11
3.0871124512524075e-11
3.026722747069276e-11
3.0355385550152194e-11
2.983676858541067e-11
2.9361624379194065e-11
2.98941338578017e-11
3.009832490664915e-11
2.9537883358200413e-11
2.976676009970811e-11
2.937037343144142e-11
2.8953409970139625e-11
2.9185456729049565e-11
2.9381521669302186e-11
2.8894764742188774e-11
2.8305542325117374e-11
3.00565719330406e-11
9.523944471894924e-11
2.864429060508822e-11
2.851335955480798e-11
2.8786882277052997e-11
3.7759650984466685e-11
3.577831070262837e-11
2.8000060934598092e-11
4.806059617134598e-11
4.0296336366752145e-11
