0.4770326054701028
0.47514782276314654
0.4750275370896398
0.4750274891347095
0.4750300347557312
0.47503086438749337
0.4750310753693228
0.4750311256262193
0.47503113646624995
0.47503113867427366
0.47503113927594676
0.4750311395611707
0.47503114174049815
0.475031140623229
0.4750311416525892
0.47503113957447995
0.4750311371183346
0.4750311400600243
0.47503113824373605
0.4750311387649257
0.47503114044715505
0.47503113952441806
0.47503113874983427
0.47503114075661135
0.4750311390691207
0.4750311382518544
0.4750311391602274
0.4750311390826583
0.4750310993812711
0.47503113814171993
0.4750311391606152
0.47503113508245876
0.47503112634385036
0.4750311387049387
0.47503112818814264
0.47503113766656935
0.47503113838962957
0.4750311369132291
0.47503114540141456
0.4750311393444093
0.47503114479368064
0.47503113936725144
0.47503114190082946
0.47503114033548477
0.4750311341618306
0.4750311461889035
0.475031139357709
0.47503113845546
0.4750311380267927
