0.4748559317944249
0.470870428546442
0.4700293530834285
0.4698329942766567
0.4697834981818883
0.46977025143038764
0.46976654905472504
0.4697654818428788
0.4697651686855226
0.4697650744050947
0.46976504661081836
0.4697650365296418
0.4697650351284218
0.46976503454010105
0.4697650333441551
0.4697650339447982
0.4697650342337261
0.4697650339159505
0.4697650371268479
0.4697650343361491
0.46976503438727374
0.469765034746149
0.46976503407723447
0.4697650344955295
0.4697650341851922
0.4697650340788309
0.46976503416712884
0.46976501438395524
0.46976503427734223
0.46976503576890255
0.4697650342147096
0.4697650331847136
0.46976503423991595
0.4697650327300101
0.46976503437635325
0.46976503419168686
0.4697650348337407
0.4697650346772434
0.469765033818534
0.4697650352617797
0.4697650322356355
0.4697650337829684
0.4697650306396914
0.4697650340228877
0.46976503552495985
0.4697650348461848
0.4697650346999091
0.46976503538111036
0.4697650376524331
