5.916011542869575e-16
2.606152073776979e-15
5.768640191813353e-16
5.615476026951765e-12
2.0390520287001697e-11
2.1515101594134372e-11
2.656503190603219e-11
3.0418844996367736e-11
3.222376627196312e-11
3.8096263516243715e-11
3.589248925185428e-11
3.636427804150037e-11
3.5835076099310914e-11
3.543649874490509e-11
3.582327142524056e-11
3.597801490028984e-11
3.6605450882724453e-11
3.6992944863705134e-11
3.741271429725785e-11
3.7590429575146246e-11
3.805022459260806e-11
3.9170065608365786e-11
3.877931859309878e-11
3.885716634623636e-11
3.955791275150618e-11
3.932772808738982e-11
3.941689133801953e-11
3.9766019967298764e-11
3.983032467573366e-11
4.032100016666005e-11
4.0273325920326203e-11
4.0352846169218215e-11
4.075857169925103e-11
4.059118784996135e-11
4.05695880336962e-11
4.087456503832088e-11
4.0664040798475995e-11
4.0401993104159976e-11
4.131859189952796e-11
3.89056143662168e-11
4.0825206976130684e-11
4.086767768012019e-11
4.1046598789192625e-11
4.098296915044393e-11
4.14773443489045e-11
3.848518543175781e-11
3.8455093979096584e-11
4.159751709220578e-11
4.097098395860624e-11
