0.22548815596035154
0.22171896047950995
0.22092759276002633
0.22074304251096893
0.22069653516401225
0.2206840891289696
0.22068061061078537
0.22067960793107208
0.2206793137101375
0.22067922513082416
0.22067919901726432
0.22067918954569568
0.2206791882292074
0.22067918767646233
0.22067918655283514
0.2206791871171574
0.22067918738861386
0.22067918709005413
0.22067919010678883
0.22067918748484333
0.22067918753287646
0.22067918787005059
0.22067918724158525
0.220679187634586
0.2206791873430148
0.22067918724308516
0.22067918732604375
0.22067916873915766
0.22067918742959253
0.2206791888309583
0.22067918737074727
0.22067918640303505
0.22067918739442938
0.22067918597582742
0.22067918752261634
0.2206791873491167
0.22067918795234562
0.22067918780531168
0.22067918699852843
0.22067918835450112
0.22067918551134763
0.22067918696511346
0.2206791840119102
0.22067918719052487
0.2206791886017668
0.22067918796403724
0.2206791878266068
0.22067918846661588
0.22067919060059188
