0.4757147759611106
0.47240674104650693
0.47182491177308583
0.4717089962833602
0.47168362132842523
0.471677690583254
0.471676241622987
0.4716758764225109
0.47167578226240453
0.47167575751959906
0.47167575098246406
0.4716757491878201
0.47167574870276746
0.471675748571469
0.4716757485303537
0.4716757485244986
0.47167574852416677
0.4716757485163316
0.4716757485201551
0.4716757485250509
0.4716757485265376
0.47167574851970023
0.4716757485170275
0.4716757485200831
0.47167574852167266
0.4716757485192463
0.4716757485168715
0.47167574852097904
0.47167574851994326
0.4716757485202486
0.47167574852321664
0.47167574852025956
0.4716757486045815
0.47167574851949723
0.47167574851783534
0.4716757485217164
0.47167574852718575
0.47167574852230437
0.4716757485185113
0.47167574851674005
0.47167574851938504
0.4716757485175177
0.47167574851823096
0.4716757485182154
0.47167574852004596
0.4716757485112942
0.4716757483892081
0.47167574851203903
0.4716757485154516
