1.1305331523329487e-16
8.909748471613082e-16
4.277923470719408e-15
7.862692477987201e-12
1.693806432396672e-11
2.1720462894370425e-11
2.077559834234038e-11
2.931611067050037e-11
3.263293997451786e-11
3.7113794209277284e-11
3.901222327241842e-11
3.870836088935251e-11
3.983045644042692e-11
4.0765558406194336e-11
4.0772058535524726e-11
4.208481001907687e-11
4.2760696226075955e-11
4.3651207473349916e-11
4.435344957321944e-11
4.498227705839033e-11
4.565552385006036e-11
4.611020431430613e-11
4.6304338815944444e-11
4.687691854096645e-11
4.732672903652385e-11
4.743635977948407e-11
4.78564928999216e-11
4.8277050035712105e-11
4.883971891813963e-11
4.8313877665435914e-11
4.8678597733971553e-11
4.925904868009238e-11
4.9445403282020454e-11
4.973861619959659e-11
4.977505570841534e-11
4.990486201849845e-11
5.032149675884569e-11
5.0264317859353467e-11
5.0747989488313513e-11
5.02539385209545e-11
5.0546777256303796e-11
5.0525971546721555e-11
5.091395428516031e-11
5.10936436386361e-11
5.126531842750435e-11
5.097383570542637e-11
5.145689940818739e-11
5.180863733772264e-11
5.2200340177011624e-11
