0.22630454806772968
0.22316812898618144
0.2226187473696802
0.22250937717465513
0.22248543862949724
0.22247984379395186
0.2224784769115864
0.2224781323989438
0.22247804357285125
0.2224780202316876
0.22247801406487147
0.2224780123718914
0.22247801191431626
0.22247801179045565
0.22247801175166945
0.22247801174614604
0.222478011745833
0.2224780117384417
0.22247801174204856
0.22247801174666704
0.22247801174806953
0.22247801174161952
0.22247801173909815
0.22247801174198067
0.22247801174348017
0.22247801174119128
0.222478011738951
0.2224780117428259
0.22247801174184878
0.2224780117421368
0.22247801174493673
0.22247801174214712
0.22247801182169236
0.222478011741428
0.22247801173986026
0.22247801174352144
0.22247801174868095
0.2224780117440761
0.22247801174049792
0.222478011738827
0.22247801174132217
0.2224780117395606
0.22247801174023343
0.2224780117402188
0.22247801174194562
0.22247801173368964
0.22247801161851954
0.22247801173439227
0.2224780117376115
