0.22282805328741803
0.13703742399991634
0.22074627910755548
0.006338226762452183
0.00196794888516857
0.2137966495819449
0.21126151660291534
0.21450511761134566
0.21407993842441825
0.2150432638348812
0.215567182799213
0.21545786347405316
0.21653919002063665
0.21635204775906502
0.21711029362123885
0.1348755254974834
0.19782211478805797
0.13039098695878457
0.060662427452190054
0.20017637733963642
0.19137487722480867
0.21086489982674608
0.21173671121854853
0.21118583811949818
0.20872856499318623
0.21131745126733265
0.20035799873366997
