1.6653365698155674e-16
9.023242375505449e-9
1.0223444313341007e-10
8.514115625413154e-6
7.792262967143415e-5
3.533543591061062e-8
0.00020893326502591236
2.4894930561992773e-10
1.8321864914128128e-8
1.8119170954385855e-13
1.6836310436929042e-11
4.6524488458419195e-14
2.0250741296646124e-13
7.055753741269655e-7
2.9992719419477904e-9
4.179496591660836e-5
7.927525089712618e-7
3.20611051307651e-5
0.0002338775210191102
0.00013272511653639185
0.00027415257827101414
5.165841372445473e-7
0.00013273691132553722
6.868849101238084e-5
0.0005776337659000319
1.1416453844503853e-6
3.929523870738206e-7
