0.47204666431129244
0.37018566152664034
0.4698364386757965
0.07961298111773094
0.04436156991325454
0.4623814978802081
0.45963193601284424
0.46314697193368937
0.46268773316829814
0.4637275750210259
0.46429213088228516
0.4641743890759734
0.4653377160951352
0.4651365904323858
0.4659509562402881
0.3672540340111779
0.4447719806688119
0.36109692183510034
0.24629743695822345
0.4474107479035751
0.43746414393045824
0.4592002829123106
0.46014857515649066
0.4595496035462311
0.4568682140324343
0.45969277922035345
0.4476136712988891
