0.47575874861839285
0.4690630895315915
0.47330500101824446
0.4704759672216085
0.4731111366212205
0.4707555761999898
0.47311284560978484
0.4708153725232428
0.4731195986242754
0.4708287025703231
0.47312217673526963
0.470831741667951
0.4731229713859792
0.47083245230057713
0.4731231970647244
0.47083240461055226
0.47312330077675435
0.47083240244829266
0.47312319564938926
0.4708319305886461
0.4731233330823094
0.47083291507927155
0.47312284905360313
0.47083187244189334
0.47312329278675663
0.4708340433085557
0.4731231659832509
