4.604749538870243e-16
1.0391688517460973e-13
1.0247000285059934e-15
2.6653187058265723e-15
3.570100500764805e-15
5.3291926702455436e-14
9.039908112054408e-15
1.9521842018387777e-15
3.56862966451518e-14
1.4886781165983168e-14
7.207092228363438e-14
1.2080907700744832e-12
2.8546336281444334e-14
2.301166720224237e-14
2.511109611768508e-13
1.2340706825841676e-10
7.536067226292745e-13
1.236930224444626e-12
1.0170708768030858e-10
6.760530147761235e-10
1.2362022591463904e-10
5.809965933199739e-10
2.877413923535831e-10
1.0443841482401442e-9
4.049810372674441e-10
6.8538099694106545e-9
1.9959713882880842e-9
