0.22634638688693912
0.22002018196092182
0.2240176239888804
0.22134763573310806
0.22383414759502315
0.2216108125233844
0.2238357646809881
0.22166711500419986
0.22384215460239543
0.22167966716405377
0.2238445941187197
0.22168252896207616
0.22384534605309808
0.22168319813937526
0.22384555960074604
0.2216831532313548
0.22384565773789117
0.22168315119523102
0.22384555826149025
0.22168270686183164
0.2238456883069139
0.22168363392204454
0.22384523029659853
0.2216826521071393
0.22384565017738306
0.22168469633828294
0.22384553019001474
