3.428811231328875e-17
2.343248112165612e-15
3.6605308557857246e-14
3.418090307589359e-12
1.0718124475040403e-11
3.044026782782422e-10
2.7485596964397046e-11
4.821321754783105e-10
4.985484159080509e-8
1.8078224789262647e-8
5.6550401610067505e-8
2.033998644147693e-8
2.685181014172716e-10
3.2012868755485455e-8
3.861964136962881e-8
2.163033814713239e-7
1.4979953852038067e-7
1.9332188950096112e-8
6.06869128798719e-9
9.943641789841632e-7
6.937976375657969e-10
9.746705400323806e-10
3.1625079261832797e-7
2.9798054386264806e-8
2.5417893970668564e-9
1.5200045430522482e-9
3.682103618990564e-8
1.3949719364163295e-9
1.1202162717859281e-7
3.08578963501252e-7
1.1056201525623018e-8
2.871735436236245e-8
2.45091162832934e-7
1.8600280281880803e-7
2.4637785256602003e-7
5.958753465341565e-7
4.227032219935394e-8
4.93336846478863e-7
1.8637820275103605e-7
2.22645583420915e-8
5.452029858440401e-7
3.460102314910279e-7
3.6128051723624335e-7
1.8794162733913362e-7
2.1158940938501324e-8
2.429621240222354e-7
6.281739740648683e-7
1.3450015802725467e-7
5.922527670338229e-7
