0.22523164470407014
0.2222367287289056
0.221925562837534
0.2219255297007565
0.22194004033088502
0.2219493350001513
0.22194592595280122
0.22194702623211082
0.2218710569766027
0.22195076660707064
0.22190654836863
0.22200613120268697
0.22193220381630302
0.22195532652144614
0.22204439620998448
0.22192700160890816
0.22190499556102652
0.22197805243248425
0.22194915324716152
0.22199776939407645
0.22199506524151028
0.22194609640167792
0.2219507109659077
0.22193005535889446
0.22190042422572118
0.22194718892598198
0.22192790138608773
0.22194899815703137
0.22193530309663811
0.2218843051449619
0.22199262603331266
0.22195577642614336
0.22194677989503855
0.2219240819957998
0.22196417098749877
0.2216077428920722
0.22181444805729422
0.22180957767854992
0.22196929260741532
0.22193199028844476
0.22180684416324822
0.22189127846240622
0.22187925356785831
0.22192365295108293
0.22190045837783445
0.22186742101424695
0.22154075931468123
0.22195806560895293
0.22174248489077314
