0.47458576116869555
0.4714199070138061
0.47108976091349514
0.4710897257431502
0.47110512662343745
0.47111499127086937
0.47111137319406887
0.4711125409412392
0.471031906537766
0.47111651065004145
0.471069579116111
0.4711752659071643
0.4710968093887954
0.47112135010148515
0.4712158700744113
0.47109128797814565
0.47106793094099125
0.47114546844099464
0.4711147983741983
0.4711663924709364
0.4711635228256855
0.47111155409486394
0.4711164515975936
0.4710945291116152
0.4710630788182419
0.47111271361106566
0.4710922429695566
0.47111463377508384
0.47110009880771425
0.47104596924818487
0.4711609343242632
0.4711218275840585
0.4711122794993127
0.4710881891915778
0.4711307366193579
0.47075231586479976
0.4709718123808411
0.4709666417895751
0.47113617204308916
0.47109658276031335
0.47096373975418554
0.4710533711400506
0.4710406071326105
0.47108773381513863
0.471063115068283
0.47102804695075956
0.4706811652431837
0.47112425707975697
0.4708954075915087
