0.4782939384025561
0.4775043587025511
0.47757259017281795
0.47759354176767327
0.47759736359967814
0.4775979554497921
0.4775980649052081
0.4775980787852239
0.4775980826784649
0.477598226903642
0.4775980734902213
0.47759643171153143
0.47759797135671583
0.4775980662818403
0.4775980375319642
0.47759852762208665
0.4775980828530911
0.4775986612956829
0.4775980762200117
0.4776001672284987
0.4775964203682145
0.4775982780609649
0.4775980913396154
0.4775980646829442
0.4775988446741019
0.4775981490258347
0.4775982175951171
0.47759804740630013
0.47759856494001307
0.47759825187057137
0.47759730462019406
0.4776041343479822
0.47759827871874666
0.47759724645508644
0.4775979883850696
0.4775980478520491
0.47758853835553206
0.4775979021048693
0.47759628416383576
0.47758440631048654
0.47759799935660674
0.4775978569438352
0.4775979931862363
0.4775609157765001
0.47759685967808774
0.4775943211166131
0.4775968005013443
0.4775912703639167
0.47759665597478135
