0.2287650915126281
0.22801041257993457
0.22807557888437435
0.22809559113819025
0.22809924171736315
0.22809980704982163
0.2280999116011994
0.22809992485933697
0.2280999285781458
0.2281000663415027
0.22809991980157085
0.2280983515835875
0.22809982224405037
0.22809991291615314
0.22809988545438353
0.22810035358678507
0.22809992874494806
0.22810048127142843
0.22809992240905613
0.2281019197366899
0.22809834074853225
0.22810011520679874
0.22809993685124363
0.22809991138889374
0.22810065643403693
0.22809999195290342
0.2281000574500328
0.2280998948863105
0.22810038923275988
0.22810009018982574
0.22809918538047447
0.22810570914628545
0.2281001158351096
0.22809912982148056
0.2280998385094651
0.22809989531208819
0.22809081196857353
0.2280997560949723
0.22809821064710334
0.22808686515093987
0.2280998489894333
0.2280997129573441
0.2280998430955202
0.22806442827728945
0.22809876037437102
0.22809633556283854
0.22809870384912087
0.22809342152781975
0.22809856579829363
