1.380449214056401e-16
1.5835142859017558e-15
1.7350802028716615e-15
1.0308694828738982e-11
1.8941655236756737e-11
2.6996618021999453e-11
3.559616212053484e-11
4.4084193606307176e-11
4.801146836156346e-11
4.9659068863684446e-11
5.271114832358e-11
3.1872017453675106e-10
3.0658173923483765e-10
3.987275844830112e-11
9.950542126113691e-11
4.8009961900553156e-11
4.705008921077298e-11
9.326249665416651e-11
4.9278630600571686e-11
3.934087874309874e-11
3.9750034519395417e-11
1.2906564048304945e-10
4.437067920378547e-11
3.8839306062255744e-11
2.2310341377367948e-10
4.489474376267208e-11
1.1287292510873158e-10
8.595111208441477e-11
2.5515328340252755e-10
5.6566133491123795e-11
9.268433103505549e-10
4.990546510863919e-10
4.623725611947161e-10
9.623274871420453e-11
1.8166247316956097e-9
3.8643111485333e-11
3.2516087916689824e-9
4.818283248222067e-10
1.2136617770820823e-9
1.151000707155006e-9
2.7286235441550875e-9
3.702341146820471e-9
5.697584197557307e-10
3.794027590147011e-8
7.205720371001347e-10
5.4495133642624526e-8
1.536367122495104e-8
2.8898050951711015e-7
1.3078315036617936e-9
