4.14942388730327e-16
1.5099268723794467e-15
7.283182997045924e-15
5.3684244756256e-13
6.52296222581454e-12
1.2477205711077508e-11
1.950898321095729e-11
2.748295411825458e-11
2.6894153992478977e-11
2.6339997943167388e-11
2.595294091828972e-11
2.5736618174407296e-11
2.563571356787976e-11
2.47024628640833e-11
2.4510055988100885e-11
2.4218015997497717e-11
2.408511891397831e-11
2.38497639153082e-11
2.3799216733766425e-11
2.3670241094469804e-11
2.336528170601905e-11
2.3467732497003448e-11
2.3328237313437412e-11
2.3017562423388176e-11
2.315674208539052e-11
2.2920676756487728e-11
2.2936115196565346e-11
2.2781336565739336e-11
2.240755139223888e-11
2.2584744228628087e-11
2.2609099126442263e-11
2.2664765485757763e-11
2.2239252880485508e-11
2.229226447390912e-11
2.2297198371586134e-11
2.269586875091913e-11
2.2363047981896877e-11
2.196494904694328e-11
2.2000238826980784e-11
2.2270032097487297e-11
2.1980350620669476e-11
2.226265687270836e-11
2.2124993350622145e-11
2.196176155038793e-11
2.2101229693327685e-11
2.188495603167365e-11
2.2146500451925932e-11
2.1865371940164687e-11
2.187432379670096e-11
