0.477867936775905
0.4757020158939866
0.47542953725159565
0.4753893751776539
0.4753828582412322
0.47538173847856846
0.47538153884321127
0.4753815023166899
0.47538149550342845
0.4753814942134039
0.47538149396625895
0.47538149391842066
0.47538149390819356
0.47538149390677603
0.47538149390633216
0.4753814939062832
0.47538149390628676
0.47538149390622375
0.47538149390628587
0.4753814939062845
0.4753814939062622
0.4753814939062701
0.4753814939062908
0.4753814939062887
0.4753814939063127
0.4753814939062649
0.4753814939062456
0.4753814939062833
0.47538149390629303
0.47538149390627743
0.47538149390631196
0.4753814939062393
0.4753814939062866
0.47538149390623946
0.47538149390628465
0.47538149390626605
0.4753814939062769
0.47538149390629864
0.4753814939062627
0.47538149390621465
0.47538149390631373
0.47538149390626394
0.47538149390627527
0.4753814939062869
0.4753814939062983
0.47538149390628226
0.4753814939062534
0.4753814939062793
0.4753814939062677
