0.22835776499846036
0.22629240792560268
0.2260332448912664
0.22599505803180017
0.2259888619096035
0.22598779727890606
0.2259876074729396
0.22598757274487308
0.22598756626707617
0.22598756504056858
0.22598756480559232
0.2259875647601094
0.2259875647503859
0.22598756474903814
0.22598756474861612
0.2259875647485696
0.22598756474857296
0.22598756474851303
0.2259875647485721
0.2259875647485708
0.2259875647485496
0.2259875647485571
0.22598756474857679
0.22598756474857482
0.22598756474859757
0.22598756474855214
0.22598756474853385
0.22598756474856968
0.2259875647485789
0.2259875647485641
0.22598756474859694
0.22598756474852782
0.2259875647485728
0.225987564748528
0.22598756474857096
0.22598756474855325
0.22598756474856357
0.22598756474858425
0.22598756474855008
0.22598756474850437
0.2259875647485986
0.22598756474855125
0.22598756474856205
0.2259875647485731
0.22598756474858392
0.22598756474856868
0.22598756474854126
0.2259875647485659
0.22598756474855486
