3.332703433350427e-16
3.936814162595886e-15
3.8539512786329446e-10
1.037036226052087e-8
8.675142855592184e-8
1.2394634036522593e-6
7.731177025486446e-7
1.323378444530631e-6
2.9301728235629365e-6
1.9071730954234234e-6
1.2402300996962808e-5
1.155351517297844e-6
3.5568943580263193e-6
7.754741477795345e-8
3.3209662783771663e-6
3.965937172798765e-6
8.381641144921213e-6
1.5068844440085847e-5
2.3003156674901797e-6
1.729984566467695e-5
7.968784491583186e-5
4.121762893203076e-5
3.065123744273672e-6
5.29361667843889e-6
4.757695454734088e-6
9.299406497126398e-7
6.033743765849064e-6
3.426730841118291e-5
6.225629247784362e-6
4.376802895836223e-5
3.649525646541598e-5
3.343389365314294e-5
4.7311492020601324e-6
4.367960835403831e-5
5.692163988266976e-5
3.490929363968578e-5
3.662398052749577e-5
5.7237674338664004e-5
1.6758990771975483e-5
4.7441607402710494e-5
8.114759585857795e-6
2.213235039133866e-5
1.3556460756684094e-5
1.8787018408997042e-5
0.00012920236637303703
3.237679242031031e-5
3.065581776348764e-5
0.00010323999896862644
8.377196630271765e-5
