0.4750951551224015
0.4734235168415462
0.47353991757356706
0.47361799310349156
0.47341489459931624
0.4734228047958552
0.4735230387145299
0.4733065008091211
0.47380760176654485
0.4731221443852026
0.4727165239872544
0.47367619477062933
0.47298135753171316
0.4738610925061289
0.47048298626697194
0.4728301585167454
0.471718670931896
0.46922815874850854
0.47357795535507874
0.4706996227952863
0.45961810175177675
0.47087407280704036
0.4735228852966304
0.46963555542619784
0.47231206092936695
0.46937078663260523
0.47195197265583233
0.47053641629164317
0.46892240539259317
0.468948117003541
0.47417163606126006
0.45810249449156165
0.456293484961135
0.45796318637785327
0.46164931375773066
0.46823447368483107
0.45449680471365794
0.46609655458884885
0.4664303048682083
0.4715329835086656
0.4599163231337335
0.4506353792691254
0.47075971308817344
0.46120288284762356
0.45385651487686335
0.45617191342416635
0.4573970485583722
0.43979372617880197
0.4474594539308729
