0.22571540642077878
0.22412982629861777
0.22424005353558069
0.224314003391379
0.2241216624284817
0.2241291521007744
0.22422406819344215
0.22401904370817458
0.22449364349176476
0.2238445635076525
0.22346091205059243
0.22436913749238316
0.2237113645725423
0.22454433499110207
0.22135424036668772
0.2235683588029706
0.2225185045057544
0.22017506496251554
0.22427607979829697
0.22155813489962484
0.21124879945790662
0.22172239244188996
0.2242239228996458
0.22055755492047335
0.22307868289934601
0.2203089353441106
0.2227386644937315
0.22140451905658254
0.2198882222791755
0.21991233644116678
0.22483874044501206
0.20985789545939126
0.2082037444179775
0.20973028007735636
0.21312008889298367
0.21924352234691075
0.20656734549492495
0.21724599819959575
0.21755722929944976
0.22234335453658352
0.21152302428485276
0.2030722450490285
0.22161470746685938
0.21270809914695876
0.20598573609617246
0.2080928145970651
0.20921206002990989
0.19341852158623504
0.20021996291211494
