1.2648640370415766e-16
7.085682364361333e-16
6.790314790793848e-16
2.960297984070659e-15
3.6598955854739076e-12
1.5057306963455271e-7
2.718213191833022e-7
2.2547052564550565e-5
0.0001730147252197314
6.933673168693156e-7
2.69466352384976e-6
2.755552397945923e-5
9.752922558014112e-5
9.705261466438411e-5
5.298015295820524e-5
8.677970944952423e-6
9.67145116099019e-7
7.505237176540536e-6
5.9169335754273285e-6
3.9585146040734893e-7
2.191225208231257e-6
1.5935857881031193e-6
2.921666442539963e-6
5.199544680073009e-6
8.784973325760585e-6
9.293395927019439e-6
1.308507043671338e-5
1.2950472945768333e-5
5.424721863297131e-6
2.5561848949908496e-6
2.6597099588682656e-6
1.5018445779752038e-5
3.5425513054065128e-6
1.4231621421269217e-5
4.028796132139181e-5
1.9507108951324198e-5
3.5026708181525405e-5
0.00011346042812575318
2.1770308510619703e-5
4.777260160896629e-5
6.865652944052128e-5
5.852631597132733e-5
6.774242922370853e-5
6.321658062683066e-5
1.6578447888643968e-5
2.45517357123252e-5
1.5641665355672584e-5
3.159756971624954e-5
2.6512146454971644e-5
