0.47332736844649625
0.46763467738717823
0.4656560525730525
0.46484660899195945
0.464455866882775
0.46353033273930877
0.46527133461761133
0.38911220375551586
0.3160818797311918
0.049833096063377394
0.41623068894921234
0.4175245573836107
0.32991674485371164
0.44532770234629687
0.4518949774319842
0.46321778993229373
0.46253579411525075
0.4642763635742727
0.4620799926415251
0.46402131114464007
0.45891763509166583
0.4584259373940736
0.4583382074171777
0.4352824150457034
0.4765630798579155
0.44680317092332167
0.3825355008080456
0.4133606145594147
0.10162118865624742
0.2170181252164771
0.33546298401540753
0.126210897363851
0.34535699196023356
0.3530996559668055
0.3114507952576107
0.3806856225267058
0.3794035918204342
0.4086185078923563
0.4047484369872156
0.33784154356415114
0.38945619284066446
0.3430290994560667
0.3943611698724075
0.28823279446171685
0.38127349612804
0.374913513916612
0.190272935264374
0.1971730839252277
0.20973602148846454
