0.2240387977204852
0.21868219149501028
0.2168355592979174
0.21608236989132365
0.21571925228183003
0.21486036936941433
0.21647741481685326
0.1514083071114741
0.09990775469440358
0.0024833374632617995
0.17324798642313596
0.17432675601838005
0.10884505853486907
0.198316762477032
0.2042090706282535
0.21457072090975862
0.21393936083782564
0.21555254177375024
0.2135179195995919
0.2153157771963909
0.21060539579812737
0.21015434007563508
0.2100739123783918
0.18947078084802
0.22711236908366195
0.199633073547135
0.14633340937846226
0.17086699766893698
0.01032686598390863
0.047096866672474536
0.11253541364452158
0.015929190613388527
0.11927145189582083
0.12467936704387637
0.09700159786659814
0.14492154319854553
0.14394708548624663
0.16696908499217566
0.16382129724359404
0.11413690855780823
0.1516761261419448
0.11766896307364008
0.15552073230313385
0.0830781438032103
0.14536947884969853
0.14056014291730162
0.03620378989412066
0.03887722502458489
0.04398919870980966
