0.23528604912606582
0.2351146596546266
0.2351203652727819
0.2351210988508291
0.23512115576872672
0.2351211596810799
0.23512115993685856
0.2351211599531327
0.23512115995425742
0.23512115995440364
0.23512115995442343
0.2351211599543426
0.23512115995423
0.2351211599544829
0.23512115995548857
0.2351211599555933
0.23512115995425836
0.23512115995432603
0.23512115995511385
0.2351211599548346
0.2351211599543656
0.23512115995444727
0.2351211599545341
0.23512115995399246
0.23512115995340183
0.23512115995430927
0.23512115994968147
0.23512115995379992
0.23512115995434923
0.23512115995434074
0.23512115995393687
0.23512115995429478
0.23512115995421196
0.23512115995371088
0.2351211599542056
0.23512115995424243
0.2351211599543168
0.23512115995427013
0.23512115995414126
0.23512115995418806
0.23512115995433144
0.2351211599545265
0.2351211599535828
0.2351211599544634
0.23512115995413277
0.2351211599542449
0.23512115995418365
0.23512115995415764
0.23512115995458335
