6.19060535553035e-17
1.856956973872748e-15
3.909428758889115e-15
1.691797548936408e-11
1.9453703862641952e-11
2.903470285818293e-11
3.264290974684076e-11
3.064646628118673e-11
2.8978972787873585e-11
2.7546043910258974e-11
2.6487021709373372e-11
2.5496198865197244e-11
2.4717980768749094e-11
2.3978420840169603e-11
2.3466643181162033e-11
2.294109366360287e-11
2.251204298719254e-11
2.2121087411295e-11
2.1738657887191746e-11
2.1305411399380545e-11
2.1151778854247954e-11
2.069573673583001e-11
2.04464093189536e-11
2.0348081577562555e-11
2.0082832751423686e-11
1.9796943963754392e-11
1.979321071598947e-11
1.929309275937398e-11
1.9460744497226163e-11
1.9219085802969848e-11
1.9182810692231755e-11
1.8898248143130687e-11
1.8900936921084403e-11
1.857864034136105e-11
1.862087399445166e-11
1.8452972542502875e-11
1.7962078603761804e-11
1.849989579974379e-11
1.8179148015468382e-11
1.813271683383402e-11
1.7662900194555362e-11
1.7749617393513546e-11
1.7956474664643857e-11
1.750668338150472e-11
1.7796735116550894e-11
1.7339104715527633e-11
1.7097929050104644e-11
1.7385692232121826e-11
1.7654490478269684e-11
