0.4850629331602919
0.484886233723568
0.4848921171485281
0.4848928735822265
0.4848929322734316
0.484892936307676
0.4848929365714235
0.4848929365882047
0.48489293658936444
0.4848929365895152
0.48489293658953564
0.4848929365894523
0.4848929365893362
0.484892936589597
0.484892936590634
0.48489293659074195
0.48489293658936544
0.4848929365894352
0.48489293659024757
0.48489293658995963
0.484892936589476
0.48489293658956023
0.48489293658964977
0.4848929365890913
0.4848929365884822
0.4848929365894179
0.48489293658464594
0.4848929365888927
0.48489293658945914
0.4848929365894504
0.48489293658903393
0.48489293658940297
0.4848929365893176
0.4848929365888009
0.48489293658931104
0.484892936589349
0.48489293658942567
0.48489293658937754
0.4848929365892447
0.48489293658929294
0.48489293658944077
0.48489293658964194
0.48489293658866883
0.48489293658957683
0.48489293658923593
0.48489293658935156
0.4848929365892884
0.4848929365892616
0.48489293658970056
