0.47355331019730773
0.46192120234842654
0.46955429216818134
0.4638390081160418
0.4689806359882387
0.4653930324342654
0.4689697943998957
0.4577082429259033
0.4686273116790758
0.47025178803978396
0.4693082048259289
0.4560368025785358
0.4612264608652705
0.45334587280924415
0.4423231212412667
0.4600167338097685
0.45444559727823675
0.4739099613361363
0.440984962685671
0.44065901638009536
0.43289457364129874
0.45591517570763995
0.4653437326370884
0.4104912282861908
0.45913017977611154
0.3880850961861647
0.45766290677815746
