1.1443916996305594e-16
7.454215023018606e-11
1.4606072581071553e-15
1.4770712652989461e-8
8.965831829021927e-15
1.2030980645505451e-5
2.2019364109853925e-10
6.012320312720476e-7
1.4954239446751685e-7
0.0002739196392305132
4.4817349476034e-7
0.0002474721827212534
6.796248683826891e-7
0.0005337375532121769
0.0005988983279081594
2.544802020310044e-5
0.0006681220623931949
0.00023810854621331146
0.00012090067754400025
0.0008994619173989804
0.0010265899748134188
0.00026239586172494
0.00032470379187543585
0.0003759448944720134
0.00014615889369906654
0.0004366936468613858
0.00020431993590364073
