0.22425273759882758
0.21337119717901604
0.2204812332935618
0.21514662545007346
0.21994283693193287
0.2165906746383612
0.21993266805948047
0.2094968356423177
0.21961155725155762
0.22113674415461387
0.22025019111693603
0.20796956530605443
0.21272984820230292
0.20552248039317536
0.19564974358461634
0.2116153953850074
0.2065208008855733
0.22459065145361817
0.19446773731488265
0.19418036871707317
0.1873977118880818
0.2078586474405282
0.216544789504618
0.1685030484999056
0.2108005219812445
0.15061004188182472
0.20945533624063245
