6.1504704674082e-16
1.729112822574388e-15
4.339876247936451e-15
5.496522967461253e-15
8.173661620173171e-15
3.6195972087561616e-14
1.351692388383456e-14
1.593880716260288e-14
4.0904287298750617e-7
7.55517228679975e-7
1.19044921515599e-6
1.3352962323980585e-6
1.9125908283586053e-6
2.3115758252266816e-6
2.6968451092046734e-6
2.8003713234222995e-6
3.4920143549880427e-6
3.451761182141171e-6
4.288416477776913e-6
4.262556478954532e-6
5.1090458243666635e-6
4.975334314448372e-6
5.927065148995549e-6
5.82978277398364e-6
6.747005570684481e-6
6.655724161639228e-6
7.5573308576380725e-6
7.45775507047941e-6
8.364600649299998e-6
8.148021655747186e-6
9.170576621930016e-6
9.117371950986759e-6
9.97820875982956e-6
9.938925597112743e-6
1.0784703746652747e-5
1.0747275499975273e-5
1.1591806528074964e-5
1.1485350302660127e-5
1.2399887528726479e-5
1.2331221383094788e-5
1.3208282091456086e-5
1.3029285097603394e-5
1.4015413574427514e-5
1.3927790378557525e-5
1.4823735091100658e-5
1.4737700376160706e-5
1.563245379776432e-5
1.55082294446258e-5
1.6441588790229328e-5
1.637422322394928e-5
1.724822465567754e-5
1.723383659127534e-5
1.8057814793762503e-5
1.8015705082802944e-5
1.8865492537621873e-5
1.879018968224174e-5
1.9675293252206515e-5
1.970811809756406e-5
2.048290598883012e-5
2.0412850874347956e-5
2.1292212288313958e-5
2.1269185318874557e-5
2.2101811420961686e-5
2.1974244992157868e-5
2.29094112696997e-5
2.2953354890966168e-5
2.371926518114524e-5
2.3724026445678995e-5
2.452691030460099e-5
2.4500853601393537e-5
2.533628325347812e-5
2.5276783332272047e-5
2.6145376826703336e-5
2.610512222434065e-5
2.6954868868462018e-5
2.6829793997874336e-5
2.7763561208350125e-5
2.77034809783464e-5
2.857237200725005e-5
2.8574808116897782e-5
2.9382576207547246e-5
2.9389573695141553e-5
3.0190419289513927e-5
3.0140730281718384e-5
3.099993276661176e-5
3.0952071899181674e-5
3.180866186863688e-5
3.2274944866714224e-5
3.26191212617244e-5
3.3080229811962844e-5
3.3427309705471166e-5
3.336602459126035e-5
3.4237314466878675e-5
3.445312394590802e-5
3.504677948106836e-5
3.489738193343403e-5
3.5856053740712364e-5
