0.47218743967703625
0.46976817394242754
0.4751709610123302
0.22915774206455403
0.47472818964934305
0.48144660127063843
0.47479416913205175
0.2185797868476537
0.47479090632157805
0.5357377989684196
0.47479571456706504
0.6683862624419958
0.47479790753153195
0.2599872590334611
0.47479951888924904
0.20396220479111293
0.47480061627693043
0.2626681539482107
0.4748014137416745
0.30083610206543393
0.47480200750574625
0.2452746813153175
0.47480246477016724
0.27864481524920653
0.47480281298650595
0.4095885345494496
0.4748031013696616
0.29353487337726597
0.4748033211525626
0.1324810206951379
0.4748035264320556
0.3709149228192666
0.4748036901392349
0.20698568625222302
0.47480379625677355
0.3054363455992827
0.4748039177451669
0.09281492670820053
0.47480400661669725
0.29299440893102935
0.474804098372859
0.5304512242966956
0.47480416993468605
0.42924522942829724
0.4748042388455572
0.15834800602308488
0.4748042966469054
0.43507712857709
0.47480433649861675
0.28608998806306035
0.47480436413466665
0.35401927550402185
0.4748044145027747
0.2217184417426009
0.47480445526203485
0.49277515816028133
0.47480448525255087
0.2578293920191427
0.4748045187468169
0.15843647799069593
0.4748045265423432
0.2932759645331821
0.47480456439285673
0.11990386684047888
0.4748045649039125
0.28664904264694946
0.4748045836372971
0.15531450546715844
0.4748045962592257
0.292832805147392
0.4748046356638785
0.017971178985328733
0.47480463792290967
0.2965274252400834
0.4748046468709439
0.36000309737699354
0.47480468047517116
0.4090100970248856
0.4748046885095047
0.2725213466757986
0.4748046745529828
0.2833097335422303
0.47480469301486794
0.045863182963762426
0.47480470140678965
0.18785791246380823
0.47480472505472626
0.29615371301444926
0.4748047328761159
0.32477546122352413
0.47480473514368227
0.3622570465457864
0.47480473311069543
0.15393071501865632
0.47480473776108695
0.16066878157829445
0.47480474943995526
