0.22296097818875474
0.22068213724920285
0.22578744218938143
0.052513270748124674
0.2253668540477426
0.2317908298750491
0.22542950304179535
0.047777123218365726
0.22542640472566552
0.28701498924352675
0.2254309705712499
0.44674019582118046
0.22543305299632116
0.067593374859732
0.22543458313746237
0.04160058098325189
0.22543562521695296
0.06899455909856092
0.2254363824910928
0.09050236030592418
0.22543694633148673
0.06015966929433056
0.2254373805518259
0.07764293306526446
0.22543771121989895
0.16776276763436565
0.22543798507024912
0.08616272188860757
0.22543819377750346
0.017551220844425553
0.2254383887123157
0.1375778799700225
0.22543854416983458
0.04284307431330371
0.22543864493984375
0.09329136121304445
0.22543876030615922
0.008614610619848636
0.22543884469926867
0.08584572366484326
0.22543893183166352
0.28137850135786324
0.2254389997873662
0.18425146698695152
0.22543906522570895
0.02507409101148693
0.2254391201143625
0.18929210781088573
0.22543915795789168
0.08184748126992203
0.2254391842013251
0.12532964742839253
0.2254392320313227
0.04915906740876711
0.22543927073667763
0.2428273564998903
0.22543929921593978
0.06647599538896076
0.22543933102239638
0.025102117558096278
0.22543933842509867
0.08601079137286828
0.22543937436829042
0.014376937283299291
0.22543937485359367
0.08216767365041266
0.22543939264298707
0.02412259560850799
0.22543940462888634
0.08575105177049047
0.2254394420479084
0.00032296327412272105
0.22543944419310533
0.08792851391951326
0.22543945269024174
0.1296022301210291
0.22543948460112936
0.16728925946830636
0.2254394922306078
0.0742678843939908
0.22543947897736394
0.08026440511976955
0.225439496508943
0.002103431551567548
0.22543950447799066
0.03529059527525984
0.22543952693429423
0.08770702173224479
0.22543953436155978
0.10547910021295283
0.2254395365148623
0.13123016777207605
0.22543953458431873
0.023694665026154787
0.22543953900037453
0.02581445737385369
0.22543955009073868
