7.406689172956439e-16
1.0701384545659253e-15
8.881784197001252e-16
5.003169389006534e-15
9.96677626516381e-15
2.7024296167459157e-14
4.0095380770795006e-14
3.3483930738446785e-14
4.820332684087459e-7
6.05619046885998e-7
1.013768058737816e-6
1.5208342535165327e-6
1.544769309691476e-6
1.8508210578285411e-6
2.073278903683656e-6
2.6106159550327078e-6
2.804921436597758e-6
3.294807199177458e-6
3.2030470007077154e-6
3.842179625342965e-6
3.835368811547202e-6
4.4303604472412555e-6
4.343998296023439e-6
4.628028992199076e-6
4.98249476301392e-6
5.348046743771329e-6
5.493105660746792e-6
5.917872329198851e-6
6.002851476096618e-6
6.507921425388174e-6
6.641596964405805e-6
6.704990015812329e-6
6.893200040887885e-6
7.483823850489024e-6
7.402195728777916e-6
7.850195008983026e-6
7.909463023974373e-6
8.173392451835979e-6
8.41809785317995e-6
8.751596448891475e-6
8.927150785205803e-6
9.514602640703842e-6
9.433718905761823e-6
9.760828761767095e-6
9.94335000721805e-6
1.0718388491586123e-5
1.045309681374913e-5
1.0928145134994815e-5
1.0958353917177609e-5
1.1599979219648867e-5
1.1464272626561938e-5
1.2076785601168522e-5
1.1972542289030394e-5
1.2271621346100031e-5
1.2480650465391408e-5
1.2789244911202493e-5
1.2991906707872249e-5
1.3448447675238125e-5
1.349983153830457e-5
1.4098033083378401e-5
1.40038625215577e-5
1.4248624735987357e-5
1.4510523491807032e-5
1.5105420727663895e-5
1.5020731173522854e-5
1.5502535782255352e-5
1.55302095804599e-5
1.5780667874228915e-5
1.6037911984246082e-5
1.633657291090238e-5
1.6541392634437685e-5
1.7033416265404746e-5
1.7051723743264358e-5
1.7641463696582802e-5
1.7561639623451016e-5
1.7995288147090054e-5
1.806687279135875e-5
1.86640884694344e-5
1.857729501538106e-5
1.9127465690615798e-5
1.9080178937121885e-5
1.9631522929827643e-5
1.9590379663492882e-5
2.0028422840682555e-5
2.009371365405714e-5
2.069020431755913e-5
2.060232308240173e-5
2.1222618465903583e-5
2.110944875701372e-5
2.166997555294938e-5
2.161451569534507e-5
2.223021678687576e-5
2.2123344440582865e-5
2.2710701652949454e-5
2.2632603443088124e-5
2.2914962033107156e-5
2.3141120168444644e-5
