0.2156382279887823
0.002162335741299405
0.22082954165898994
0.003375002897792942
0.2202128355272424
0.15450818960408721
0.22044358847855924
0.13004784034781267
0.22045938104118445
0.3994708679552526
0.2204885920141366
0.05063274563500372
0.22050266321444967
0.08049104781467531
0.22051269389474612
0.10912707358367094
0.22051950846857726
0.21309862167040886
0.2205244268449451
0.0335015022650963
0.2205281015662789
0.33865815912469693
0.22053089120335848
0.03889037982693396
0.220533076289655
0.021738548186444263
0.2205348193816291
0.022622510819028198
0.22053622744848805
0.09555972237684862
0.22053738506465528
0.021706639489230607
0.22053833910047846
0.07889571394207329
0.2205391584136429
0.04729072779249393
0.22053983643875955
0.2540628852776826
0.22054042082718098
0.23096356815909605
0.22054092930378788
0.242562791659894
0.22054135670516345
0.014711315259566728
0.22054174386372408
0.07104562302334173
0.2205420816662256
0.021008979491900132
0.22054237005367128
0.10568610488268493
0.22054264178239003
0.053243044028735635
0.22054287972823938
0.29133021670858705
0.22054307559988245
0.01490656611409852
0.22054326667385418
0.06325167736976052
0.22054343716344454
0.12366208604924733
0.2205435989491261
0.38504706730371036
0.22054373883694106
0.013300038381737222
0.2205438634326739
0.12135785005736745
0.22054398459501498
0.024971856354798292
0.22054408997640104
0.012438901430687804
0.22054418391833736
0.11781354201652812
0.2205442768337867
0.17517263673021868
0.22054435581644344
0.07950809658651467
0.22054443434552548
0.17532530521799716
0.2205445038372032
0.3111318285199291
0.22054457219550844
0.2800176771105546
0.22054463848675956
0.18455172925745175
0.22054469778008312
0.164598598370691
0.22054475274541394
0.05034759530804841
0.22054479292067722
0.29050308025975075
0.22054485066951698
0.25248292606429473
0.2205448847704447
0.02706056757444259
0.22054493479894097
0.013709729025789224
0.22054497317333885
