0.46436863372624804
0.046500921940316464
0.46992503834014837
0.05809477513333658
0.469268404569541
0.3930752976264054
0.4695142047676079
0.3606214640697537
0.469531022448128
0.6320370779908823
0.46956212795980107
0.22501721186390103
0.4695771110418923
0.28370944258990627
0.4695877914668844
0.3303438717210763
0.46959504732117574
0.46162606259873246
0.469600284119319
0.1830341560067309
0.46960419670854614
0.5819434329251401
0.46960716689948256
0.19720643961831966
0.4696094933981371
0.1474399816414946
0.4696113492896324
0.15040781501979275
0.4696128484704055
0.3091273562414828
0.4696140809906101
0.14733173279789594
0.46961509675528795
0.2808838086150095
0.469615969078611
0.21746431383676249
0.4696166909712213
0.5040465110261975
0.4696173131680528
0.48058669161671136
0.4696178545411023
0.49250664123430254
0.46961830959318807
0.12129021089752762
0.4696187217985715
0.26654384821890326
0.469619081454561
0.14494474634114937
0.469619388498464
0.32509399391973537
0.46961967780576447
0.23074454279296755
0.4696199311445793
0.539750142851845
0.4696201396872609
0.12209244904619827
0.4696203431218181
0.2514988615675238
0.46962052464031484
0.35165620433776984
0.4696206968917853
0.6205216090546004
0.46962084582878244
0.11532579235252287
0.46962097848443046
0.3483645361648735
0.4696211074845497
0.1580248599265264
0.4696212196828429
0.11152982305503674
0.46962131970166915
0.34323977336044276
0.46962141862758633
0.41853630276263815
0.46962150271941705
0.2819718010484642
0.46962158632831763
0.41871864684773374
0.469621660315198
0.557791922243348
0.46962173309538013
0.5291669652487337
0.46962180367478634
0.42959484314578517
0.4696218668035839
0.40570752811685784
0.46962192532441877
0.22438269832598148
0.4696219680984666
0.5389833766079903
0.4696220295828519
0.5024767915678243
0.4696220658896308
0.16450096526902994
0.46962211915426316
0.1170885520697443
0.46962216001093776
