0.4735228668976684
0.4711125882561381
0.47064283131098616
0.42888612580237745
0.37668235002598216
0.4062026951884129
0.40699751133464745
0.15316893005580265
0.4688953968444562
0.468837567669576
0.464514677849406
0.459107344478777
0.4225482221919377
0.4327810313711675
0.45231946743155993
0.38140065008343743
0.10773078033209046
0.24439726019918181
0.2146325005817878
0.4758667256402853
0.44496783821092545
0.4318908023149462
0.39546000274445026
0.34983123505576197
0.35556176204611656
0.3252882010451412
0.28509905507016736
0.19605192494108356
0.36461225305217265
0.3023128504125944
0.3715212226589988
0.2917598684214575
0.31173592630903085
0.10788415597879061
0.09480770187634388
0.07282842290387198
0.22205774173535306
0.1367663887558718
0.1119679858208134
0.15892305705052873
0.22819613497609975
0.3259459602759188
0.3072365718363012
0.2979266051490937
0.0994074124289524
0.21609716368340323
0.1974502662647116
0.23910287738618424
0.14024077377337282
