0.224223905474987
0.22194707081339754
0.22150467466442136
0.18394330890577273
0.14188959282109653
0.1650006295783307
0.1656469742325965
0.023460721134439363
0.21986289318192004
0.21980866485832426
0.21577388593753744
0.21077955375435442
0.1785470000775672
0.18729942111469147
0.20459290061757
0.1454664558840687
0.01160592103096113
0.05973002079286658
0.04606711030599113
0.2264491405716066
0.19799637704210435
0.18652966512424793
0.15638861377064062
0.1223818930206398
0.1264241666293392
0.10581241373918421
0.08128147120190232
0.038436357273104266
0.13294209507578159
0.0913930595245877
0.13802801888603736
0.0851238208213062
0.0971792877517495
0.011638991111256023
0.0089885003350737
0.005303979182665225
0.049309640664604755
0.01870504509332226
0.01253682984876987
0.02525653806228561
0.052073476018030335
0.10624076902019086
0.09439431107372266
0.08876026205566397
0.00988183364581984
0.04669798415201157
0.03898660764800551
0.05717018597435266
0.019667474628554338
