8.556815749454283e-17
2.2394013679831618e-11
4.744324217664907e-9
4.964429532579029e-7
0.00023865135997702151
8.259415737554065e-5
7.122659328705798e-5
2.3473502766547465e-6
1.5234461715353236e-7
9.335857247425849e-5
1.6181412834420366e-6
0.0002201074169761807
0.0002032500224465051
1.5605419611645917e-5
7.500734537000387e-5
6.900440305260937e-5
1.6068614088171043e-5
5.189027771420237e-6
3.071959437674641e-5
1.0393907972085046e-5
2.003271927353553e-5
5.251387059840818e-5
5.057579094569973e-5
5.6222766219430234e-5
3.537135617533611e-5
2.684502924169763e-5
0.00010739794255608668
0.00010698944312773446
1.3522055546130252e-5
7.003125835394907e-5
0.00010835463918502252
9.253136571755232e-5
6.191230651974262e-5
8.143870566786364e-5
0.00012421896437086213
0.00012435797888468781
0.000566308804868663
0.00032998770227184843
0.00041655387763539796
0.00011585659207095469
6.908540456523469e-5
6.386558746624211e-5
0.00014645794961982148
0.000269050795329062
0.0002372511369782973
0.0002071407923871385
7.50034259621566e-5
8.347987797495129e-5
0.00018330284592152533
