0.22727576550176368
0.22471598700080367
0.22433811849605007
0.22427341131238876
0.2242611728833467
0.2242587087525869
0.2242581919379812
0.22425808040978357
0.22425805581872474
0.22425805031612087
0.22425804906393038
0.22425804877740882
0.22425804871222388
0.22425804869571436
0.22425804869217045
0.22425804869073662
0.22425804869054178
0.2242580486908477
0.22425804868987
0.22425804869039992
0.22425804869021165
0.22425804869064717
0.22425804869169383
0.22425804869102084
0.22425804868937377
0.22425804869076862
0.22425804869003413
0.2242580486900405
0.2242580486904222
0.22425804869110463
0.22425804869068228
0.22425804869356203
0.22425804869144078
0.22425804869172256
0.22425804869208135
0.22425804869056232
0.22425804869070814
0.22425804868863683
0.22425804869052188
0.22425804869062285
0.22425804869028768
0.22425804869014557
0.224258048689838
0.22425804869100072
0.22425804869054036
0.22425804869155566
0.22425804872277336
0.22425804869136573
0.22425804869112942
