0.47673448113364286
0.47404217850398467
0.4736434508108922
0.4735751379795911
0.4735622164862255
0.47355961478211683
0.4735590691117436
0.4735589513564109
0.4735589253923156
0.4735589195824748
0.4735589182603685
0.47355891795784905
0.47355891788902454
0.4735589178715932
0.4735589178678514
0.4735589178663375
0.4735589178661318
0.4735589178664548
0.47355891786542254
0.47355891786598203
0.47355891786578325
0.4735589178662431
0.4735589178673482
0.4735589178666376
0.47355891786489857
0.47355891786637133
0.47355891786559584
0.47355891786560256
0.47355891786600557
0.4735589178667261
0.4735589178662802
0.4735589178693207
0.473558917867081
0.4735589178673785
0.47355891786775733
0.4735589178661535
0.4735589178663075
0.4735589178641205
0.4735589178661108
0.4735589178662174
0.4735589178658635
0.47355891786571347
0.47355891786538873
0.47355891786661636
0.4735589178661303
0.47355891786720233
0.473558917900163
0.47355891786700177
0.47355891786675225
