2.1588598243361331e-16
4.0791887999315607e-16
2.609694562640575e-15
2.059522227175248e-12
7.96722529886865e-12
1.5684402589745164e-11
1.6681648393924012e-11
1.7130183692825778e-11
1.8292725514965202e-11
2.4777518431766915e-11
2.6140891598512798e-11
2.7292239691293085e-11
2.8496389506370934e-11
2.966601316007378e-11
3.0697438883451986e-11
3.160684700356603e-11
3.2456663084938146e-11
3.301668626347949e-11
3.370342412885622e-11
3.39623478863524e-11
3.4804334109831335e-11
3.5210133651236795e-11
3.524913393091464e-11
3.583147189921284e-11
3.5974313541016033e-11
3.6282381825485604e-11
3.655049506130966e-11
3.6923623558550475e-11
3.688550647965599e-11
3.690488487251442e-11
3.7425089241057694e-11
3.75521790694345e-11
3.783784077008283e-11
3.763835010368524e-11
3.8082881593734917e-11
3.787246217131601e-11
3.844960231004097e-11
3.791334595430785e-11
3.85487584293584e-11
3.832041477774651e-11
3.8557920351048823e-11
3.8662317843755954e-11
3.851524232437692e-11
3.8856684462399534e-11
3.8711913049988134e-11
3.911353905840024e-11
3.966128736520865e-11
3.8724834696976563e-11
3.890022020148726e-11
