0.22342060660872234
0.21881068415434057
0.21802514087530944
0.0654413775624519
0.17964579446717546
0.20956937404183942
0.21455849268029398
0.21510841536719033
0.21563818468502638
0.21628667084147712
0.22047532345189685
0.21814817580285634
0.20845336010851753
0.22020032590805788
0.021170551622892844
0.046165952955674536
0.17650097386746924
0.14356737931817087
0.20968931287672718
0.21980818384906667
0.20739951659994105
0.19453036910783889
0.0697944339736609
0.09983923863918844
0.07839328998548437
0.018377108349562944
0.129656666769407
0.16333754410332268
0.1985915045600307
0.13430809929754814
0.15785144729814102
0.17581664513601675
0.20918215254619607
0.15702764334023497
0.04808933366472281
0.22390984766392963
0.011566636275614483
0.17400171175131232
0.055945458784392915
0.16788359248967957
0.21019969393947957
0.1079829875861345
0.15872677588058762
0.10701108734689171
0.06590873357533826
0.0988638925616872
0.02904352110452144
0.14279117425921117
0.02536116085596688
