0.47267389033954726
0.46777204293794705
0.46693162334040883
0.25581512379539234
0.42384642792782323
0.457787476938633
0.4632045905216117
0.4637978173376739
0.4643685870997589
0.46506630800508125
0.46954799909263467
0.46706335309340674
0.45656692839989793
0.469255075527221
0.14550103650109453
0.214862637412079
0.4201201897879573
0.37890286264182654
0.45791845658012864
0.4688370546885844
0.45541137074071947
0.44105597049335915
0.26418636220225467
0.31597347774645335
0.2799880175748319
0.13556219365871497
0.36007869524509084
0.40415039787599205
0.4456360673913532
0.36648069430400854
0.39730523190381095
0.4193049548193018
0.45736435425839217
0.3962671363363797
0.21929280349505956
0.4731911322752463
0.10754829740918488
0.4171351240920768
0.2365279238998916
0.4097360034091214
0.4584754016732845
0.3286076499202879
0.3984052909796601
0.32712549174115385
0.2567269630859569
0.31442629114259385
0.1704215981163228
0.37787719467997954
0.15925187865757465
