1.9434450844597924e-16
2.550558724363561e-15
2.984877040290697e-11
5.17465041422492e-7
0.00012811172145301325
0.0001294111891339586
2.984310763742752e-6
2.5539724656097874e-9
6.6351405205747e-8
9.458159637708017e-8
3.3904177132578494e-8
2.2171730425988958e-7
2.0924504688789995e-5
1.7619844370140072e-6
3.4413662982965163e-6
2.1632271641632154e-6
2.256103540429626e-5
5.0274613737106384e-5
2.120204685153426e-6
4.5279622657160345e-6
1.781886015668528e-5
5.012310534807766e-5
4.7659292108458826e-5
3.6642279850714074e-5
1.1768443285076687e-5
7.415152075314416e-6
3.150760374762489e-6
1.2745134581074533e-5
8.856872384853755e-6
5.8325053797028384e-5
6.097485343867531e-5
5.6850739435132874e-5
3.181886411769826e-5
3.8952547130399894e-5
1.8001243943674308e-5
1.6321884926242678e-5
2.4507724537777134e-5
2.1524957389203332e-5
3.639241420927894e-5
0.00012458592891804668
0.00015018296489867518
5.1764286433218725e-5
5.0825653390593463e-5
4.920604144121326e-5
3.461984275935725e-5
2.965574240918579e-5
2.8490215382306232e-5
5.8338332091030635e-5
5.756752244789437e-5
