0.22950385479259922
0.22784747868707542
0.22766982395516694
0.22764735438928055
0.22764424341998876
0.22764378960338114
0.2276437211341595
0.22764371055725335
0.22764370889496188
0.22764370862922928
0.22764370858705588
0.22764370858015048
0.22764370857874638
0.22764370857882055
0.22764370857878913
0.22764370857878247
0.22764370857877603
0.2276437085787782
0.2276437085787723
0.22764370857877497
0.22764370857878335
0.22764370857877644
0.22764370857879446
0.22764370857876592
0.22764370857878038
0.2276437085787692
0.22764370857850585
0.22764370857877408
0.22764370857891714
0.2276437085787694
0.2276437085787834
0.22764370857877003
0.2276437085787699
0.2276437085787841
0.22764370857877014
0.22764370857878252
0.2276437085787784
0.2276437085787888
0.22764370857878624
0.2276437085787866
0.2276437085787772
0.2276437085787646
0.22764370857878505
0.2276437085787875
0.22764370857878932
0.22764370857878108
0.2276437085789264
0.2276437085787929
0.22764370857876887
