0.4790656059378498
0.4773337183638669
0.4771475913752127
0.47712404507557626
0.47712078493814203
0.47712030935957983
0.47712023760699934
0.4771202265228895
0.4771202247808846
0.4771202245024091
0.47712022445821334
0.4771202244509768
0.47712022444950536
0.4771202244495831
0.47712022444955016
0.47712022444954316
0.47712022444953645
0.4771202244495387
0.47712022444953256
0.47712022444953534
0.4771202244495441
0.4771202244495369
0.47712022444955576
0.47712022444952584
0.477120224449541
0.4771202244495293
0.4771202244492533
0.4771202244495344
0.4771202244496843
0.4771202244495295
0.47712022444954416
0.4771202244495302
0.47712022444953
0.4771202244495449
0.4771202244495303
0.4771202244495432
0.4771202244495389
0.4771202244495498
0.47712022444954716
0.4771202244495475
0.47712022444953767
0.47712022444952445
0.4771202244495459
0.47712022444954844
0.4771202244495504
0.4771202244495417
0.47712022444969404
0.4771202244495541
0.47712022444952895
