5.862720107837681e-16
1.7908048870803956e-16
2.322733634302326e-15
7.652882486142573e-12
1.3922639836858712e-11
1.607199993677421e-11
2.652361155331679e-11
3.0797212998820046e-11
3.591899980855476e-11
3.8545736037572805e-11
3.991260078084533e-11
4.37112819470994e-11
4.578281452360716e-11
4.7403691227138985e-11
4.892943080938844e-11
5.003046595507335e-11
5.13695848959144e-11
5.225911411825246e-11
5.309835847258457e-11
5.391173919027501e-11
5.473500078504279e-11
5.5410239438657473e-11
5.587658928535483e-11
5.6422695029373535e-11
5.69549928799767e-11
5.76073825582374e-11
5.783214633630532e-11
5.8154541894052354e-11
5.839674794766087e-11
5.878474817985493e-11
5.925025592254411e-11
5.95660921172258e-11
6.013679519317318e-11
6.018111557692602e-11
6.030900654276019e-11
6.033674096370151e-11
6.057110577633483e-11
6.0704980359366e-11
6.097785797424827e-11
6.064295095251531e-11
6.160596696412779e-11
6.143137755608889e-11
6.216763173139595e-11
6.112137524889802e-11
6.153424090421103e-11
6.158006904802219e-11
6.217909035814486e-11
6.172173412795754e-11
6.234107537824123e-11
