0.47352430107049137
0.46569595269627295
0.47110509959888924
0.46607226966792187
0.47032006118408204
0.4935475918271456
0.4408564638638283
0.16510491675740227
0.16207687990325043
0.4644945026570971
0.361905065863043
0.12542553380892604
0.4675082953140375
0.4671926332006124
0.4484268933760091
0.4674509474381864
0.4691773995433263
0.46744918599644336
0.46970359668506095
0.46793788809864906
0.46890118509589435
0.4637573227867056
0.47077621246250184
0.464864973977166
0.4179153605462567
0.3562959888168699
0.3326540855738587
