6.938893903907228e-18
3.0193625380905916e-12
4.669599427436629e-13
3.850752716694217e-6
4.702904738747253e-12
0.001050300739374066
1.5125713954233788e-5
0.0003148971097015618
0.00016786099216758998
0.0008948824998711302
0.0003883828927939703
0.00031792008622133494
6.5641082827028185e-6
2.291565814260821e-5
0.00481218074368428
2.8981459806232124e-5
0.00019138605539126274
1.0421697439255695e-5
8.463418623705367e-7
6.665281958362357e-6
0.0005579087439144814
0.0001299136063153128
4.8141743860696806e-5
0.0005629895732823798
0.0033634843034775486
0.00045766945919467616
0.0007800674381286399
