0.22422526370429735
0.2168727203576893
0.22194001486807935
0.21722336055340807
0.22120095995219866
0.2435892253983747
0.19435442173051895
0.02725963353746873
0.026268914999172666
0.21575514299866394
0.1309752766973335
0.015731564531254048
0.21856400618743727
0.21826895651692196
0.20108667870285862
0.21851038826085808
0.22012743224223807
0.2185087414887375
0.22062146873888241
0.2189658671182238
0.21986832138433415
0.21507085443829269
0.22163024222053868
0.21609944403079118
0.17465324858050774
0.1269468316469911
0.11065874064898013
