0.4741859858890529
0.46952460548586933
0.4683382358833563
0.46800773127052253
0.4679110563054635
0.46788170708122884
0.4678725576928565
0.46786966127870777
0.4678687587155172
0.46786847767578676
0.4678684360072065
0.4678684544773094
0.4678686365282561
0.46786838768115213
0.4678686760819538
0.4678683112359399
0.46786837019010113
0.46786837137373255
0.46786846104936064
0.46786834532969107
0.46786837610378257
0.4678683634010648
0.4678683407528541
0.46786764128431974
0.467868348680511
0.4678683592526659
0.46786834275257705
0.46786843701107445
0.46786886846003756
0.46786838312213475
0.46786838331543495
0.4678642698418149
0.467868357426597
0.4678658614438299
0.4678681681981778
0.4678711871955957
0.4678684814630362
0.4678685132670912
0.4678697190459609
0.467865380168022
0.4678683167187128
0.46786873337707185
0.4678670801565493
0.4678681681221188
0.46786863082028207
0.46786570124966
0.4678654148651661
0.46786760194992305
0.46787147582215427
