0.2248523492135731
0.22045335515666123
0.21934070319033433
0.21903123652898165
0.21894075661289464
0.21891329182124483
0.21890473024205537
0.21890201994505273
0.21890117538199882
0.2189009124026582
0.21890087341182948
0.21890089069498617
0.21890106104680943
0.21890082819136086
0.21890109805868024
0.21890075665877035
0.21890081182434154
0.21890081293190894
0.21890089684469707
0.21890078856154307
0.21890081735799055
0.21890080547159085
0.2189007842788288
0.2189001297609529
0.21890079169702822
0.21890080158978165
0.21890078615004294
0.21890087435118571
0.21890127807407594
0.21890082392532068
0.2189008241061988
0.2188969749946146
0.21890079988106192
0.21889846430457705
0.2189006228131184
0.21890344780781612
0.21890091594652747
0.2189009457067583
0.21890207400014638
0.2188980139597677
0.2189007617892018
0.21890115167186555
0.21889960469421493
0.21890062274194722
0.21890105570564541
0.21889831440583607
0.21889804642695396
0.21890009295437163
0.21890371788800067
