2.508152423607461e-17
2.398511142315086e-16
1.1769175834246267e-15
1.9726226199216352e-11
7.217432937232281e-12
1.5389453003831923e-11
2.02344983910706e-11
2.5419212148514814e-11
2.937788080420543e-11
2.775122996617925e-11
2.7775631569444545e-11
3.8360661623493394e-11
4.4061042304947634e-10
3.619470195713998e-11
3.5877557709476884e-11
3.063491409952652e-11
3.4194442251871713e-11
3.2081453198449915e-11
3.759370136452756e-11
3.455995855749512e-11
3.172744297663013e-11
3.345060691290551e-11
4.108327487066467e-11
3.497258455659778e-11
3.5587653085085225e-11
3.605573220268098e-11
3.578952674627319e-11
4.260387507286619e-11
3.410027391786086e-11
3.4146535789441954e-11
3.49576979451543e-11
3.4468562304695845e-11
3.784222011514473e-11
4.9151371264097356e-11
3.396435544401437e-11
3.304301075094687e-11
5.721726752538073e-11
1.545405839818913e-10
6.611089297306995e-10
1.2118600303097685e-8
7.037090600504236e-11
1.6328304796842028e-9
5.971783841172504e-10
2.4875325038112217e-10
1.5209864285911069e-9
3.327564879152693e-11
6.86437843550837e-10
4.9000391203512375e-11
7.834599031091683e-10
