0.4770326055779687
0.4719509337436187
0.4751478226955812
0.47298887444295823
0.47502753708488005
0.473160880408382
0.47502748904498704
0.4731915520808038
0.4750300349176229
0.4731972392964583
0.47503086449382514
0.4731983214146129
0.47503107586048104
0.4731985298062344
0.4750311251154551
0.4731985688006723
0.4750311361937263
0.4731985748289464
0.475031137993447
0.47319858394195713
0.47503113860479784
0.4731985314738456
0.4750311293782491
0.4731985828085304
0.47503113799238583
0.4731986044024793
0.47503113743537795
0.47319862187386347
0.4750311116324019
0.47319857624946615
0.4750311151793713
0.4731985467522157
0.4750311092750727
0.4731986909383112
0.4750312113931837
0.47319851403998286
0.4750310895283163
0.4731984178299616
0.4750311645740004
0.4731990777816248
0.47503109797141163
0.47319831121232897
0.4750310647995454
0.4731992795556075
0.4750312664479054
0.47319894813382485
0.4750313054485706
0.4731993356169473
0.47503134016502124
0.4731984040484042
0.47503172985767345
0.47319910784604846
0.47503138449785504
0.473198779903088
0.47503062793204515
0.4731974193470068
0.47503054807183126
0.4731979234646176
0.47503118875494355
0.47319753457857955
0.4750318570630187
0.47319792208447803
0.4750294074845103
0.47320072701469007
0.4750298225803546
0.4731977172241053
0.47503032927012606
0.4731939934578162
0.4750299905572821
0.47320828472842313
0.4750341746454868
0.47318145436693654
0.47503022807082673
0.47319404521848796
0.47502954088378974
0.4731934094057758
0.4750218414643697
0.47320003191374516
0.47503063103691845
0.47319652528763073
0.4750285773640941
0.47319166741089586
0.4750259827414749
0.47320061482715364
0.4750341222315697
0.47318791734346305
0.4750215491359669
0.4732101936082929
0.47503949650948457
0.47319122176642014
0.47503148422667846
0.4731920712598204
0.4750358320753779
0.4731961048233634
0.47502452085791463
0.47319091440369065
0.475028697904811
