0.2275601067845059
0.22273768386147355
0.2257654534123515
0.22371847534681652
0.22565116098892707
0.22388121874883515
0.2256511153483853
0.22391024496064008
0.22565353407383806
0.22391562727778963
0.22565432222175086
0.22391665138960726
0.22565452303316608
0.22391684861078168
0.22565456982845516
0.2239168855150046
0.22565458035350253
0.22391689122014596
0.22565458206334926
0.22391689984467344
0.22565458264417065
0.22391685018900404
0.22565457387837481
0.22391689877200158
0.22565458206234112
0.22391691920845408
0.2256545815331489
0.2239169357433236
0.2256545570187155
0.22391689256452185
0.2256545603885571
0.22391686464840882
0.22565455477910606
0.22391700110573137
0.22565465179767558
0.22391683368964788
0.22565453601845928
0.2239167426367789
0.22565460731653106
0.2239173672133802
0.22565454403992485
0.22391664173420014
0.2256545125245899
0.22391755817194595
0.2256547041031009
0.22391724451495826
0.22565474115617318
0.22391761122832035
0.2256547741389761
0.22391672959395678
0.22565514437157363
0.2239173956662962
0.22565481625794898
0.22391708530177112
0.22565409747351312
0.22391579767666703
0.2256540216014244
0.2239162747712261
0.22565463028993482
0.223915906731246
0.22565526522474022
0.22391627346506776
0.2256529379750849
0.22391892804723124
0.22565333234072318
0.22391607958610432
0.2256538137264844
0.2239125554445558
0.22565349192885156
0.22392608073561637
0.22565746708111883
0.22390068875680927
0.22565371758102168
0.22391260443023644
0.22565306471226407
0.22391200270506217
0.2256457498682008
0.22391827020316946
0.22565410042333295
0.22391495154428734
0.22565214931255514
0.22391035410710386
0.225649684279504
0.22391882187279624
0.22565741728431793
0.22390680511984404
0.2256454721435338
0.22392788733479807
0.22566252324398461
0.2239099323567974
0.22565491100660107
0.22391073630315894
0.22565904175554663
0.2239145536200035
0.2256482954162914
0.2239096414742009
0.22565226383314022
