2.9743737960462694e-16
9.334923491196384e-16
6.948948824576546e-16
1.998434879168222e-15
5.333239540783539e-15
5.411506841901213e-15
1.777609784662112e-14
7.816342753428432e-14
8.895694936363608e-14
1.850244052362975e-14
1.432144669219779e-14
5.85558452294526e-14
1.424479033925395e-13
2.4159930311592565e-13
2.8589430687285536e-13
1.4311108880105588e-13
7.528065317933784e-14
4.0173690153845783e-13
5.124489825973369e-13
9.962385182998863e-13
2.613603447153344e-13
8.611795993997844e-12
8.633012788543884e-13
1.967112659487871e-12
2.302582968881297e-12
6.1391708239663115e-12
3.712472308537229e-11
1.0942358192800759e-11
1.5355038814790296e-12
3.397043962185843e-12
1.0459398777327583e-11
5.7994203408138226e-12
1.1545838130241545e-11
5.690022923321898e-12
3.1548123671411613e-11
5.211404785536865e-10
4.379921951310831e-12
3.643814463100416e-11
2.371460014909572e-11
1.1406712024304108e-8
1.4496229664147798e-11
6.08679673188144e-10
8.648895611853858e-12
1.2102987062355015e-8
2.432395633939095e-11
5.7411855176157356e-11
4.662638314190795e-9
7.265414668850664e-11
1.7207640803663144e-9
2.860376379420641e-10
1.5014445734282797e-10
2.448018693568422e-9
4.927526374096206e-11
3.2457770828795535e-10
1.4853212255077615e-9
2.0498889917733537e-9
6.175127995609979e-9
2.716660810838704e-9
2.630770269056393e-8
9.189307417324124e-9
5.396714186653733e-9
1.5190153543997856e-8
1.0915300934028598e-8
2.067963665044042e-9
7.397602649758801e-9
2.1409732654741806e-8
1.3028739049585883e-8
1.1570705288864717e-7
3.5445282265836313e-9
5.8888417731837547e-8
9.108794079490924e-8
4.931462174986433e-8
1.5285424020137448e-8
4.359822034751774e-8
1.4703482520435746e-7
3.513741842303207e-8
2.0751716128145638e-8
1.9271442407836838e-7
6.713662539197118e-8
4.686285137799611e-8
8.969368542821414e-8
1.5618229597042198e-7
2.158242296792741e-7
1.2949863052693776e-7
8.226084001347776e-8
9.698987926658994e-8
4.056437339709548e-8
2.5320878201609056e-7
9.053883377607725e-8
7.481730849924681e-8
2.803190000303795e-7
2.7921942143780497e-7
2.510760173428519e-7
1.9954040908515555e-6
4.0401164369645543e-7
4.550979611716446e-7
3.2956131690889717e-7
