1.3929799285568962e-16
0.0010409303038561024
4.3132830640503213e-10
0.00037922133739876074
0.0008675433707350244
7.106428779168656e-15
8.093969957762943e-12
5.345674844009882e-15
1.2476523099255513e-14
5.507026969956927e-14
3.208406841323334e-14
6.750750145556594e-7
3.257249403532227e-8
0.00018643869917056577
0.0022922796798638956
3.960643368828432e-8
2.7436918998091642e-5
3.886820110211336e-8
3.74886098626348e-5
6.035385524802365e-9
4.29999715834375e-8
2.458270623151293e-5
4.935046149520627e-9
4.291417228330374e-5
0.000606384885315947
0.00014662894706418683
5.599944060463713e-6
