0.22154900482000128
0.03170582491050976
0.01836398931652563
0.21353607886366877
0.14917976363841035
0.21226761600611022
0.20972953369410433
0.21255483980925902
0.21201629934110414
0.21294233634379378
0.21338600294843021
0.036084221250862955
0.2130213140170497
0.18546038939324158
0.012863404859417837
0.20542282739066328
0.1970698116431412
0.20691416685287506
0.20580640412435053
0.20857214922062614
0.2076189661129178
0.17763470573377538
0.2048715676005626
0.00597648551033492
0.05146964189976151
0.18940043608354318
0.12055206791783678
