0.4706899242813694
0.17806129537468202
0.13551379751348433
0.4620996417047613
0.3862379624511427
0.4607250980857351
0.45796237148275004
0.46103670115215234
0.4604522769420346
0.46145675457597735
0.46193722836380074
0.18995847243769612
0.4615423209382317
0.43065112259605404
0.11341695137596425
0.45323595112332304
0.4439254573046484
0.45487818902743077
0.4536589072467888
0.45669699935583785
0.45565224251935577
0.4214673246335656
0.4526274048271521
0.07730773253908642
0.22686921761173665
0.4352016039533209
0.3472060885379702
