0.22882699326164407
0.22744406363260922
0.2273686029040079
0.22736740167730887
0.22736820373038857
0.22736844243324875
0.2273684944693404
0.22736850471345615
0.22736850669709613
0.22736850677439438
0.22736850718739784
0.22736850713736223
0.22736850715607554
0.22736850713311282
0.22736850715263054
0.22736850715123436
0.22736850718768403
0.22736850714402512
0.22736850714517712
0.22736850708577638
0.22736850714334172
0.2273685071398815
0.22736850717303894
0.22736850714572576
0.22736850711976245
0.2273685071413291
0.22736850714512044
0.22736850715451254
0.22736850718375068
0.22736850686233206
0.22736850715065757
0.22736850717891935
0.22736850725992197
0.22736850717647403
0.22736850715558507
0.22736850716991558
0.22736850718160476
0.22736850788464025
0.22736850714827098
0.22736850718768467
0.22736850715325263
0.2273685087887264
0.22736850717832496
0.22736850713990875
0.2273685071792068
0.227368507140455
0.22736850713784246
0.22736850715439352
0.22736850709582154
