0.47835864501610514
0.476910959857927
0.4768318392305697
0.4768305796373686
0.47683142066184
0.4768316709628763
0.47683172552729797
0.47683173626915415
0.476831738349175
0.4768317384302291
0.4768317388632995
0.47683173881083274
0.4768317388304553
0.47683173880637686
0.47683173882684293
0.4768317388253789
0.4768317388635996
0.4768317388178194
0.47683173881902735
0.47683173875674045
0.4768317388171028
0.4768317388134744
0.4768317388482429
0.47683173881960267
0.47683173879237783
0.47683173881499236
0.4768317388189679
0.47683173882881635
0.4768317388594751
0.47683173852243943
0.4768317388247741
0.47683173885440905
0.47683173893934744
0.47683173885184493
0.476831738829941
0.4768317388449678
0.47683173885722496
0.47683173959441943
0.47683173882227153
0.47683173886360025
0.47683173882749524
0.47683174054243327
0.47683173885378577
0.476831738813503
0.4768317388547105
0.4768317388140758
0.47683173881133634
0.47683173882869156
0.4768317387672737
