2.3554459758272374e-16
9.386234892881489e-16
4.557137601526993e-15
1.499453635446037e-11
2.5562401487788827e-11
2.5390694328341378e-11
4.003342711004401e-11
4.020496955437991e-11
4.523218473183282e-11
4.9451422495760284e-11
5.301381718074251e-11
5.733388392573515e-11
5.952072792042901e-11
6.126902286193492e-11
6.276227961122736e-11
6.423593583302371e-11
6.543113369689513e-11
6.65493666497494e-11
6.752701319157361e-11
6.840080805857309e-11
6.925187167727082e-11
6.991969643277714e-11
7.029650441912177e-11
7.095429189969249e-11
7.149329230220487e-11
7.197077264227227e-11
7.250391639049663e-11
7.29657101478895e-11
7.30521332918503e-11
7.357744444290268e-11
7.396938631013211e-11
7.44584460126941e-11
7.463801067333594e-11
7.457171281666788e-11
7.491932220869432e-11
7.53557205660749e-11
7.535289301603804e-11
7.581407549742882e-11
7.58521254536142e-11
7.586265557741121e-11
7.626747596810025e-11
7.620901533760457e-11
7.644864564783141e-11
7.644459992355808e-11
7.632239872138944e-11
7.708699022009106e-11
7.657290558512261e-11
7.660077184249512e-11
7.755495364292509e-11
