2.2625389624785224e-16
1.7769194238250404e-15
5.23691153334427e-16
1.0944062262879296e-14
3.186147040120792e-15
1.4211229250503534e-14
1.1236886404161696e-14
2.1478691760374105e-14
1.4210854715202004e-14
7.818611111480223e-14
3.473727696685659e-14
1.352330987064538e-13
1.3501480584679274e-13
4.0770309635200225e-15
6.392739708014969e-14
5.166768622033132e-13
2.273736891562872e-13
2.0798992827490916e-13
2.1772062718434478e-13
1.1865341708499708e-12
9.674539829302653e-13
6.850955608873717e-12
1.5681908811340856e-12
3.871051055784491e-11
3.241720322225478e-12
2.858723928560408e-12
5.027863115230305e-11
