0.2275601066855964
0.2227376869878769
0.22576545343601984
0.22371847122229946
0.22565116096435178
0.22388121882361534
0.2256511153592124
0.22391024489703099
0.22565353407747757
0.22391562817366345
0.22565432222794315
0.2239166509071798
0.22565452314647133
0.22391684754831268
0.22565457007062203
0.2239168865199614
0.22565458017288823
0.22391694941071535
0.22565458295507465
0.22391690835487219
0.22565458244297681
0.223916907587216
0.2256545877989473
0.2239168948843083
0.2256544633700121
0.22391697819024148
0.22565457990174317
