0.4770326054742971
0.47195093705583097
0.4751478227204875
0.4729888700829011
0.4750275370590128
0.4731608804874039
0.47502748905638337
0.473191552013591
0.47503003492145374
0.4731972402430761
0.47503086450034293
0.47319832090486097
0.4750310759797419
0.47319852868358825
0.4750311253703509
0.4731985698625487
0.4750311360036184
0.47319863631535897
0.47503113893204374
0.4731985929341635
0.47503113839302874
0.47319859212302817
0.47503114403052277
0.47319857870064264
0.4750310130612654
0.47319866672491956
0.4750311357182213
