0.4745890916880231
0.4658202169697907
0.4714182972859072
0.46747199449547583
0.4710873586959966
0.4681324078654446
0.4711044932205711
0.46770808256353946
0.4709181031782301
0.46691552975763384
0.47196176899947856
0.4677098344178733
0.4702495828433237
0.4682418061165089
0.47046938319467174
0.4684855265131475
0.4710688847434606
0.4682269544043854
0.4711702137182256
0.46828932965178505
0.4705570429251509
0.46752336011284346
0.4715458759422011
0.4689231629332011
0.47108076608479477
0.4677022704963741
0.47123389812331273
0.46591038445997585
0.47067578175121344
0.46787912519178426
0.47112196603139317
0.46860108804683637
0.47072818750163936
0.46867184338427187
0.4697167353369942
0.46860700599702937
0.47135932881772064
0.46812623350334576
0.47135930976936097
0.468175867288474
0.4708766496890608
0.4664242974061851
0.4710779172605476
0.46820123371364675
0.4708111768212865
0.4667779194571806
0.47074678792527225
0.46829835316952345
0.47102262798136907
0.46795761667026836
0.4710892576513038
0.4687136900906665
0.4715914100125819
0.4677379126007901
0.4707118069912473
0.4678245554575981
0.47178469714710225
0.4678319675720819
0.47074811963096924
0.4679218001471903
0.4705290499999026
0.46696005902832066
0.4712016171452607
0.4640130006174793
0.47040313766138514
0.4686341507601095
0.4715364789331519
0.4660817001124915
0.4698606005912643
0.46745202051469187
0.47062831962616897
0.46815855230763714
0.4706561254519455
0.46820400364086223
0.469577586799449
0.4687754621507927
0.47098559830225906
0.4654299852844802
0.4697314588626415
0.4689859899715335
0.4701065128625135
0.4663885981325747
0.47034664650417796
0.4680121422842455
0.4702294873601346
0.4665982714039898
0.46923184187030403
0.46647964457906604
0.46987382947731154
0.4672556414452736
0.47076157468109603
0.46467576554696416
0.47142605603556925
0.4659757061464057
0.47120289513128394
0.46417678272646334
0.4700412300616434
