0.22523480594926282
0.21698847453778286
0.22223521101594396
0.2185300656375782
0.22192329952317058
0.21914795129389897
0.22193944353261108
0.21875085049526266
0.22176385990098213
0.21801011192885186
0.22274791139711714
0.21875248921119445
0.22113467016431995
0.2192503889952503
0.22134144052357488
0.21947868855230102
0.22190589417344775
0.21923648083080638
0.22200137029527836
0.2192948962657182
0.22142393064646226
0.2185780922512035
0.2223555131180977
0.21988893273527743
0.22191708817503714
0.2187454138274635
0.22206138674049267
0.21707248634764248
0.22153569152711589
0.21891087579022933
0.22195590687728517
0.2195869797186789
0.22158502650857853
0.21965329678121145
0.22063381145564384
0.21959252606949992
0.2221796168634921
0.21914217049402898
0.2221795989062484
0.21918864271131483
0.22172481922239445
0.21755162521085336
0.22191440413053534
0.21921239525098088
0.22166316421984467
0.21788162609277417
0.22160253834196125
0.21930334758128772
0.2218623160704752
0.2189843309997178
0.22192508867445654
0.21969252327840935
0.22239845799765517
0.21877875488414436
0.22156960524096528
0.21885981468909926
0.22258080046218298
0.2188667498823655
0.22160379213609335
0.2189508110529871
0.22139758689381084
0.21805169672773272
0.22203096400030883
0.21530806474203684
0.22127911192167604
0.21961796725864902
0.22234665096467482
0.21723215117975045
0.22076898398798359
0.2185113914832679
0.22149101523415146
0.21917243009878262
0.2215171884254375
0.2192149890253325
0.22050311002439404
0.21975043391468926
0.22182743380813694
0.21662507120191146
0.22064764344522547
0.21994785878957931
0.22100013343575253
0.21751832446806826
0.22122596787772614
0.21903536532548884
0.22111577078297498
0.2177139468771913
0.220178521424998
0.2176032588066118
0.22078141562767364
0.21832783446243406
0.22161646019622516
0.2159235670866572
0.22224252630925168
0.21713335871864145
0.22203216838010376
0.21546008562229035
0.22093875795786277
