0.2288269932460376
0.22513716769871284
0.22744406363425462
0.2258566910006824
0.22736860289250116
0.22595668539254093
0.22736740165706765
0.22597158032075335
0.2273682036971953
0.22597388426937642
0.22736844237268522
0.2259742491184937
0.22736849451768987
0.2259743078096486
0.22736850478344967
0.225974317348192
0.22736850666308014
0.2259743188839373
0.22736850710224704
0.22597431821377237
0.2273685081495094
0.22597431804848508
0.22736850634496655
0.2259743186568851
0.22736850579533863
0.22597431990404376
0.22736850774502038
