5.578801654593729e-16
3.597067552099322e-15
2.6645352591003757e-15
1.7765493824230156e-14
2.3092981674143423e-14
7.140713064174541e-15
2.5023279989131257e-14
1.7766559225936412e-14
1.3518223102336e-14
1.02041407300166e-14
3.4444913518331554e-14
4.3804020146678596e-14
2.161031364628563e-14
2.55958536979839e-13
4.2665202308469266e-14
1.2832789006311577e-13
1.2836764680745083e-13
2.1317320574265755e-13
2.142259835363992e-13
1.9195188537936842e-13
1.2811501001606818e-12
1.340876968814974e-13
1.335946462234514e-12
2.785426687319981e-12
9.149186213801313e-13
2.1905295733927397e-12
6.385765439723827e-13
