0.47835864499979264
0.474486214445386
0.47691095985965204
0.4752438226854531
0.4768318392185039
0.4753490142963809
0.4768305796161438
0.4753646813981381
0.4768314206270339
0.47536710474051147
0.4768316708993701
0.47536748849547306
0.47683172557799663
0.4753675502278722
0.4768317363425485
0.47536756026068083
0.4768317383135063
0.4753675618760048
0.4768317387740114
0.47536756117111356
0.47683173987215804
0.47536756099726146
0.4768317379799362
0.47536756163718735
0.476831737403603
0.47536756294897087
0.47683173944801577
