6.938893903907228e-18
6.160449927962753e-11
2.687866295233556e-15
7.357314757756106e-11
3.3904434816372736e-11
1.7605201563242193e-7
2.364277662574931e-10
2.4551454202992582e-9
1.8840200510794605e-7
1.5704779482206277e-5
5.963604365888386e-8
1.4525413252641783e-5
9.541846988980751e-6
2.6652880578126315e-6
1.993762452912052e-7
1.4631282852009998e-8
2.8236674623371982e-5
3.268942187162338e-5
6.272886704294933e-5
4.842459472342853e-5
3.0971869179552414e-5
3.812442595574339e-5
0.00015009634417140205
0.000231961704471928
5.2223999048806036e-5
1.0131202088814465e-5
4.8554217073615325e-6
