0.47509531396623284
0.4707765519287079
0.4734232272840341
0.4717831322350777
0.47353891542022003
0.47205494949761834
0.47361284213689997
0.4719062375150519
0.47361095413505194
0.47161912034944203
0.4740666135286344
0.4723182497900467
0.4732453632548682
0.4723736211806751
0.4725315637968567
0.4709915970366802
0.47310910907737436
0.47166374993192856
0.47315010279289604
0.47256619845216397
0.47292444014189416
0.4710410772979549
0.47349320036098536
0.46956310776808025
0.4727236949601381
0.47095900177443006
0.46851258090249964
