0.22571555735267335
0.2216305618458834
0.22412955213203017
0.2225793238615408
0.22423910441735828
0.222835875345199
0.22430912423699212
0.22269549700561259
0.22430733587671425
0.22242459467918146
0.22473915406250758
0.22308452908473295
0.22396117384223216
0.22313683798734393
0.22328607878430282
0.22183308447916253
0.2238322290919869
0.22246669299984884
0.2238710197729281
0.22331881191953
0.22365752608352402
0.22187969650201791
0.2241958107880882
0.22048951217681773
0.2234676917767657
0.22180238135236763
0.21950403846392127
