1.3943734268574362e-16
4.626285322892293e-16
7.45435183441562e-17
7.242977180143139e-15
1.9189463318168943e-12
1.486157478923167e-11
2.3592932758686648e-11
4.220131417808175e-9
3.3717681646904836e-7
5.96083093117745e-7
7.452754791312078e-9
3.836019720001786e-9
4.782787986752171e-8
8.765283040984988e-7
3.2804320771815424e-7
1.9468936169867647e-7
1.3628146104867305e-6
4.878825671995449e-9
1.5074659848064654e-6
5.282958808781957e-7
4.6289203813710194e-7
2.6271079422984364e-6
7.803847020692106e-7
1.0236055800958054e-9
2.179719266022931e-6
7.904162285325132e-7
1.2402548825831739e-7
1.2580682956426569e-7
9.627175558729658e-8
1.2209278745832042e-7
5.011230609687781e-7
2.401913771189687e-7
1.4566414016602714e-6
2.707576125095212e-6
5.441428956234944e-6
3.191696472834655e-7
5.242112777405432e-7
8.232073636574696e-7
3.2257659640724773e-7
8.938533862719809e-8
2.966760362822885e-6
2.8789210928492107e-7
1.820783007467496e-7
2.7234721757220353e-6
3.1636878713791334e-7
2.3190866671163764e-6
8.364973517286444e-7
5.111225023163802e-7
3.3667338644804686e-8
