0.47369456596502535
0.46844629942044536
0.46685534888787483
0.46631596727567143
0.4661265919768352
0.4660603440458687
0.46603751678798155
0.4661215106948863
0.46591201496696794
0.4661185429617874
0.46602334738335355
0.4664427513333495
0.4661045159406362
0.4661678115302049
0.4661539765072085
0.4658746010827851
0.4656499854770817
0.46595388108531927
0.4657799893647407
0.46576663088842485
0.46594544148671035
0.46642364776077055
0.4655069458762257
0.4660704953904822
0.4644366432990294
0.4659429053986292
0.4660558098159146
0.46561976365621016
0.4626806858014063
0.4655637526628123
0.4655628393659304
0.463868933084367
0.46642899033570084
0.4652495651740013
0.46517123697437046
0.466041758077717
0.46571965013299854
0.45910294509277316
0.4652534062825217
0.4647170390688603
0.4657564966537079
0.4649049612389778
0.46573393656299883
0.46341247437024685
0.4652784817219001
0.4637495060299901
0.46470503507868594
0.464578241352347
0.4650038619417
