0.22438654182479373
0.21944193544070956
0.21795391678521933
0.21745058133624506
0.217273999747939
0.21721224429215352
0.21719096705390817
0.21726926273248298
0.21707400569058016
0.21726649609281964
0.2171777603063858
0.21756884027142492
0.21725341978025478
0.21731242850686064
0.2172995298134831
0.21703914393404417
0.21682990897480642
0.21711301929847185
0.21695099849261795
0.2169385544491542
0.21710515444224543
0.21755101919046338
0.21669671665901133
0.21722170667352947
0.21570139563886986
0.21710279109131592
0.21720801786316798
0.21680176430726503
0.21407341701365967
0.21674960779348026
0.2167487573984671
0.21517438708082892
0.2175560030255813
0.21645715789459727
0.21638427970826593
0.2171949202721693
0.21689479252000254
0.2107755141928579
0.2164607320574892
0.21596192640092862
0.21692911417513538
0.21613662298461545
0.2169080996664674
0.2147511214019547
0.21648406555343655
0.21506360434305982
0.21595076962748275
0.21583294233803957
0.21622859162069563
