2.6228251733701896e-16
1.2473248577901393e-15
3.519412609007899e-15
4.539899937799348e-12
7.878918762184182e-12
1.8161497974736968e-11
2.3868447555572866e-11
2.929829588703763e-11
3.069125725275215e-11
3.137583781944002e-11
3.8992835239186106e-11
3.5220121117150134e-11
3.8871451134289795e-11
4.134409171089725e-11
4.234878823927635e-11
4.404863470765169e-11
4.409390361262653e-11
3.667963897219843e-11
3.5389839184059684e-11
4.419220977456556e-11
4.6806434544217616e-11
4.6755170360573553e-11
4.7444032169620165e-11
4.747060171198983e-11
4.532637343360232e-11
4.236124211737129e-11
1.430819682286397e-10
1.1315626763078348e-10
4.900097198433537e-11
4.62076402455518e-11
4.83133609633355e-11
6.069075111275268e-11
4.767497960485991e-11
5.033405971980872e-11
1.2310014852958755e-10
4.213525765556895e-11
4.2855912802277875e-11
1.613550863940565e-9
8.406430859278013e-11
4.208128700705108e-11
2.608591270951651e-10
1.6002310430901952e-9
1.0243827303645883e-10
1.1380327538764865e-10
3.132421216195568e-8
6.414033158429252e-9
3.6497182258322206e-9
4.83398411265578e-9
3.724821630845176e-10
