0.22634638651336825
0.22401762411189616
0.22383414963579576
0.22383576369551966
0.22384213896758226
0.22384453689627648
0.22384555248243526
0.2238455756934625
0.22384560247585994
0.22384562392030286
0.2238456294858885
0.22384570245386054
0.22384572182163198
0.22384562606721486
0.22384560824476496
0.22384546105518421
0.22384561300857214
0.2238456248786587
0.22384562725437634
0.2238457068103008
0.22384597552565755
0.2238129208914051
0.22385161108247345
0.22384561441788364
0.2238456341030044
0.22384634203027165
0.2238453941521285
0.22384567270307074
0.22384580616840238
0.2238519542139265
0.22384554890110075
0.22384570657432645
0.22384552988388304
0.22384568935610266
0.2238455597027377
0.2238458255194024
0.22383975226456032
0.22384577659207322
0.22384552431448426
0.2238455905881181
0.22384556759396415
0.2238458470764528
0.22384566621061255
0.22384571720552
0.22384473029416074
0.2238454617677334
0.22384374918207714
0.22384588632326535
0.22384575657191533
