0.4757587482257875
0.47330500114819846
0.4731111387779786
0.47311284456831193
0.47311958210116634
0.4731221162620455
0.4731231895420423
0.47312321407162267
0.47312324237545117
0.4731232650380901
0.4731232709198402
0.4731233480328999
0.4731233685008932
0.47312326730696186
0.47312324847207093
0.4731230929210539
0.4731232535064961
0.4731232660508873
0.47312326856156245
0.4731233526368159
0.47312363661696033
0.47308870298434
0.473129592270948
0.47312325499586644
0.47312327579924074
0.4731240239411561
0.47312302221740227
0.4731233165920601
0.47312345763912655
0.4731299548896968
0.47312318575726214
0.4731233523874365
0.4731231656597287
0.4731233341910993
0.47312319717250995
0.473123478089391
0.4731170597902387
0.4731234263826652
0.47312315977394753
0.47312322981240107
0.47312320551201476
0.4731235008710229
0.47312330973078526
0.4731233636225546
0.4731223206467443
0.4731230936740812
0.47312128379737595
0.4731235423473084
0.473123405225228
