1.115147640681937e-16
3.552720126628438e-15
9.272694746465628e-16
3.0020439080074613e-13
5.3579045697976356e-15
8.184919409386433e-11
5.293543438946762e-13
1.431743703350316e-11
2.884448241971788e-11
3.815969820536199e-11
2.025046797313052e-10
3.712585870598233e-11
1.4139800553206196e-11
2.1951095163810467e-8
4.9450719075145566e-9
1.1497041185749186e-7
4.173877244217713e-9
8.723546329747606e-8
2.558842453481705e-7
6.515718098400924e-8
5.7489415894451754e-8
3.617467712047074e-7
5.0460400302712924e-8
3.157016692513659e-7
1.3464955373009119e-8
6.030913652921334e-7
1.5091274008231668e-7
