0.4767023228007939
0.4735343680026912
0.47555669303952697
0.47427404799118017
0.4756518480309757
0.4743767343099732
0.4756911096730234
0.47439189855083486
0.47570003359471524
0.47439443680029825
0.47569982547431844
0.4743953982459852
0.4757022140401244
0.47439201156990213
0.47569957780615413
0.47440107683665594
0.47571242320826784
0.4743752867291038
0.4756916688088562
0.4743992590770825
0.4756838920315256
0.4744167943642542
0.4757081232310966
0.47439464124443126
0.4757192753034906
0.47440347434799807
0.47571029382847374
