0.22724510456367228
0.2242347976797082
0.2261541682946909
0.2249358725979403
0.22624468053528243
0.22503328605459488
0.22628203182195242
0.22504767341066562
0.22629052196201319
0.2250500816670722
0.22629032395629703
0.22505099387696692
0.22629259644267635
0.22504778064133818
0.2262900883249533
0.22505638170377873
0.22630230959468214
0.22503191265931943
0.22628256377415454
0.22505465701288485
0.22627516513826013
0.22507129477485505
0.2262982185080522
0.22505027564143265
0.22630882889527829
0.22505865647345163
0.22630028365437282
